P stantoni LGJ NTB KPP 21 6 17 (44) S hodgsoni 35 LGJ
1.443099274	1.474576271	1.832929782	1.372881356	1.958837772	1.409200969	2.04842615	1.455205811	2.10653753	1.513317191	2.065375303	1.619854722	1.966101695	1.745762712	1.842615012	1.85472155	1.639225182	1.975786925	1.368038741	1.832929782	1.266343826	1.704600484	1.443099274	1.564164649
1.487864078	0.524271845	1.677184466	0.257281553	1.796116505	0.182038835	1.893203883	0.160194175	1.961165049	0.167475728	1.995145631	0.259708738	1.980582524	0.40776699	1.934466019	0.555825243	1.861650485	0.720873786	1.652912621	0.742718447	1.492718447	0.747572816	1.546116505	0.560679612
1.189766935	0.892933467	1.170302446	0.591233876	1.23842816	0.413620407	1.29925469	0.347927754	1.367380404	0.29926653	1.469568975	0.357659999	1.569324485	0.47931306	1.644749383	0.632595917	1.712875097	0.812642447	1.527962445	1.082712242	1.391711016	1.177601629	1.294388568	0.963492242
1.489064832	0.905545117	1.552017166	0.566571009	1.658551886	0.418875148	1.731189195	0.372871519	1.811090234	0.351080326	1.890991274	0.421296391	1.951522365	0.568992253	1.992683507	0.743321794	2.012053456	0.922493823	1.765086606	1.154933211	1.60770577	1.193673109	1.568965872	0.944285015
0.598055942	0.980618042	0.457621753	0.668273036	0.469728148	0.530260126	0.49394094	0.406774891	0.544787801	0.341400355	0.661009199	0.375298263	0.803864666	0.467306869	0.924928622	0.578685709	1.045992578	0.721541176	0.970932925	1.04115002	0.87650304	1.154950138	0.714277339	0.995145717
1.131054635	0.703875202	1.194160687	0.388344939	1.281538298	0.25242421	1.361634442	0.184463846	1.446584898	0.148056508	1.521826729	0.235434119	1.587359938	0.395626407	1.635903055	0.555818694	1.648038835	0.759699787	1.415031871	0.96358088	1.271829675	1.014551153	1.225713714	0.793679969
1.432038835	0.475728155	1.808252427	0.373786408	1.953883495	0.412621359	2.041262136	0.45631068	2.109223301	0.52184466	2.067961165	0.633495146	1.980582524	0.762135922	1.830097087	0.900485437	1.633495146	1.02184466	1.279126214	0.900485437	1.155339806	0.783980583	1.388349515	0.611650485
1.995133991	0.380140821	2.317164114	0.292974773	2.481811093	0.319608843	2.5738197	0.358349309	2.631930399	0.416460008	2.593189933	0.510889893	2.498760047	0.636796407	2.384959929	0.748175247	2.232419345	0.854711528	1.900704106	0.757860363	1.750584801	0.658587919	1.937023292	0.501204777
2.026645302	0.941722608	2.354306519	0.810658121	2.504787967	0.825220842	2.592164291	0.861627644	2.650415174	0.905315806	2.621289732	1.016963331	2.536340528	1.145600698	2.410130282	1.269383824	2.247513234	1.39316695	1.995092741	1.296082146	1.844611293	1.203851581	2.014509702	1.053370133
1.435835351	0.813559322	1.799031477	0.709443099	1.953995157	0.738498789	2.050847458	0.782082324	2.118644068	0.842615012	2.075060533	0.958837772	1.983050847	1.079903148	1.849878935	1.205811138	1.680387409	1.329297821	1.346246973	1.217917676	1.215496368	1.101694915	1.426150121	0.927360775
1.622871046	1.309002433	2.00729927	1.357664234	2.131386861	1.450121655	2.199513382	1.518248175	2.233576642	1.608272506	2.158150852	1.698296837	2.01459854	1.773722628	1.854014599	1.832116788	1.642335766	1.871046229	1.401459854	1.635036496	1.291970803	1.484184915	1.545012165	1.403892944
2.317954337	1.434461794	2.512128523	1.759703554	2.531545941	1.922324435	2.516982877	2.019411527	2.47814804	2.08979967	2.364070706	2.08979967	2.194168294	2.036401769	2.041256123	1.961159272	1.847081938	1.822810165	1.861645002	1.458733567	1.929605967	1.266986559	2.150479102	1.412617198
2.041138294	0.433408962	2.3534833	0.346242914	2.510866443	0.370455705	2.593189933	0.399511054	2.651300632	0.462464311	2.622245282	0.559315476	2.537500513	0.675536873	2.401908883	0.815971062	2.246947019	0.924928622	1.94428713	0.825656178	1.815959337	0.704592223	1.992712712	0.566579313
1.708737864	0.701456311	1.733009709	0.361650485	1.830097087	0.169902913	1.905339806	0.101941748	1.983009709	0.060679612	2.077669903	0.133495146	2.167475728	0.276699029	2.230582524	0.45631068	2.274271845	0.67961165	2.048543689	0.932038835	1.895631068	1.016990291	1.810679612	0.762135922
1.382550375	0.489098381	1.513299447	0.193702329	1.639205961	0.096851165	1.72395073	0.050846861	1.808695499	0.041161745	1.857121082	0.130749072	1.881333873	0.27360454	1.876491315	0.440672799	1.825644453	0.665851757	1.583516542	0.769966759	1.421290841	0.803864666	1.438239795	0.57384315
2.033874457	0.818392341	2.368010975	0.682800711	2.508445164	0.694907106	2.598032491	0.721541176	2.65614319	0.76754548	2.631930399	0.861975365	2.544764351	1.002409554	2.426121674	1.12347351	2.254210857	1.251801303	1.999976549	1.169477813	1.842593407	1.091996881	2.021768062	0.924928622
2.162614989	0.155339348	2.5145557	0.106795802	2.689312467	0.157766526	2.796108269	0.220873136	2.837370283	0.288834101	2.783972382	0.390775548	2.65047763	0.49757135	2.495138281	0.592231265	2.291255387	0.677182471	2.021838705	0.507280059	1.929605967	0.371358129	2.140770393	0.257280796
1.181598063	1.062953995	1.140435835	0.779661017	1.181598063	0.624697337	1.239709443	0.549636804	1.302663438	0.501210654	1.406779661	0.571428571	1.489104116	0.670702179	1.569007264	0.820823245	1.631961259	1.050847458	1.472154964	1.157384988	1.353510896	1.268765133	1.256658596	1.06779661
1.736585366	1.019512195	1.86097561	0.756097561	1.992682927	0.63902439	2.07804878	0.597560976	2.16097561	0.590243902	2.209756098	0.692682927	2.217073171	0.841463415	2.204878049	1.004878049	2.163414634	1.168292683	1.924390244	1.26097561	1.768292683	1.285365854	1.804878049	1.065853659
1.048540601	0.817958756	1.08494826	0.466018045	1.179608176	0.293688455	1.242714786	0.228154668	1.327665992	0.184465476	1.422325907	0.259707973	1.512131468	0.415047321	1.584946788	0.587376911	1.635917511	0.808250046	1.407762844	1.046113423	1.237860431	1.145627693	1.15776358	0.890774075
1.802871681	0.92941563	2.02184395	0.656916807	2.189722689	0.566894874	2.291909748	0.544997647	2.37706563	0.554729748	2.411127983	0.666648908	2.408694958	0.841826723	2.37219958	1.024303613	2.277311597	1.260307059	1.953719244	1.328431765	1.768809328	1.323565714	1.84909916	1.055932941
1.689320388	1.182038835	1.987864078	1.32038835	2.099514563	1.453883495	2.140776699	1.529126214	2.165048544	1.623786408	2.053398058	1.677184466	1.90776699	1.696601942	1.735436893	1.708737864	1.536407767	1.669902913	1.410194175	1.417475728	1.322815534	1.240291262	1.587378641	1.252427184
1.22087019	0.7597065	1.300967042	0.366503775	1.39319978	0.249999264	1.45630639	0.19902854	1.538830419	0.177183944	1.611645738	0.240290554	1.684461058	0.368930952	1.735431781	0.548542074	1.749994845	0.776696741	1.519413	0.999997054	1.361646475	1.065530842	1.308248574	0.827667465
2.61407767	1.504854369	2.79368932	1.788834951	2.810679612	1.961165049	2.788834951	2.058252427	2.742718447	2.138349515	2.628640777	2.116504854	2.504854369	2.063106796	2.351941748	1.968446602	2.20631068	1.827669903	2.247572816	1.526699029	2.313106796	1.373786408	2.519417476	1.531553398
1.577665256	1.485432518	1.89077113	1.514558646	2.048537655	1.606791384	2.101935556	1.677179526	2.131061684	1.762130732	2.026693059	1.844654761	1.888343952	1.902907016	1.733004604	1.95387774	1.536403241	1.978149513	1.35679212	1.740286136	1.288831155	1.601937029	1.533976064	1.55582066
2.118925797	0.754852145	2.293682564	0.546114896	2.417468607	0.466018045	2.502419813	0.458736513	2.572807955	0.470872399	2.597079729	0.56067796	2.584943842	0.686891181	2.548536182	0.820385933	2.419895785	0.999997054	2.245139018	0.9951427	2.104362733	0.992715522	2.160187812	0.817958756
0.544792592	1.118640789	0.435834074	0.803871736	0.443097975	0.665857612	0.460047078	0.571426896	0.493945283	0.515736987	0.5956399	0.552056493	0.723968822	0.634380707	0.861982945	0.738496625	0.995154468	0.886195949	0.920094155	1.159802896	0.837769941	1.290553118	0.668278913	1.123483389
0.731398714	0.168386992	0.986561825	0.02169403	1.102263317	0.003099147	1.227262249	0.01033049	1.299575682	0.041321961	1.309906172	0.155990404	1.259286769	0.295452023	1.170444553	0.464872064	1.038214277	0.634292105	0.743795303	0.59710234	0.550615134	0.580573556	0.681812361	0.357434965
0.637396694	0.232438017	0.960743802	0.033057851	1.105371901	0.011363636	1.213842975	0.025826446	1.28822314	0.065082645	1.297520661	0.165289256	1.246900826	0.301652893	1.166322314	0.431818182	0.981404959	0.650826446	0.66322314	0.640495868	0.466942149	0.605371901	0.640495868	0.358471074
0.62962963	0.236625514	0.951646091	0.048353909	1.108024691	0.023662551	1.223251029	0.047325103	1.298353909	0.085390947	1.28909465	0.187242798	1.222222222	0.33127572	1.121399177	0.480452675	0.952674897	0.661522634	0.650205761	0.622427984	0.46090535	0.575102881	0.634773663	0.349794239
0.55785124	0.308884298	0.875	0.059917355	1.04338843	0.022727273	1.150826446	0.02892562	1.242768595	0.060950413	1.255165289	0.198347107	1.204545455	0.351239669	1.119834711	0.520661157	0.998966942	0.701446281	0.645661157	0.715909091	0.446280992	0.676652893	0.58161157	0.440082645
0.618011098	0.246376284	0.933745411	0.040372584	1.116974832	0.00931675	1.226705445	0.020703889	1.304345031	0.05797089	1.304345031	0.186335004	1.250514918	0.335403008	1.161488194	0.498963734	1.025877718	0.686333933	0.67184121	0.677017183	0.4679079	0.63250382	0.624222265	0.394409093
0.942386831	0.443415638	1.185185185	0.657407407	1.264403292	0.814814815	1.284979424	0.907407407	1.279835391	0.99382716	1.164609053	1.014403292	1.020576132	0.992798354	0.865226337	0.950617284	0.674897119	0.863168724	0.622427984	0.582304527	0.622427984	0.401234568	0.853909465	0.487654321
0.644027469	0.278804224	0.933119671	0.088476617	1.10287132	0.054526287	1.202664714	0.061727872	1.28188215	0.093620606	1.269536575	0.209874766	1.211923894	0.336416904	1.128591267	0.482506202	0.99176115	0.64814266	0.705755341	0.612134734	0.527773309	0.560694841	0.681064192	0.360079256
0.546486437	0.209710296	0.935948416	0.036156948	1.06301426	0.042355281	1.173551214	0.073346951	1.261360944	0.123966678	1.23863372	0.260330023	1.160121491	0.390495034	1.045452314	0.555783938	0.891527023	0.726238119	0.53615588	0.669420059	0.350205864	0.585742551	0.517560879	0.3749992
0.621899499	0.200412795	0.946278972	0.04028917	1.091939818	0.037190003	1.203509828	0.051652782	1.284088168	0.099173342	1.269625389	0.211776407	1.189047049	0.36776781	1.094005929	0.499998933	0.932849249	0.657023391	0.596073108	0.60020533	0.440081705	0.518593934	0.606403664	0.329544751
0.633259056	0.198345414	0.938008521	0.048553304	1.108461611	0.045454157	1.214865661	0.059916844	1.300608731	0.103304903	1.277881652	0.22417164	1.197303827	0.376029847	1.082635385	0.509293173	0.922512785	0.666316625	0.603300634	0.604333683	0.429748397	0.525821957	0.60846588	0.329542641
0.634297521	0.275826446	0.908057851	0.06714876	1.068181818	0.024793388	1.175619835	0.026859504	1.270661157	0.066115702	1.291322314	0.184917355	1.252066116	0.349173554	1.164256198	0.533057851	1.04338843	0.71177686	0.679752066	0.716942149	0.497933884	0.660123967	0.644628099	0.419421488
0.596696451	0.231477071	0.895044676	0.049381775	1.045247576	0.041151479	1.162529292	0.052468136	1.255120121	0.093619616	1.253062547	0.217074054	1.183105032	0.362133018	1.066852103	0.525710149	0.931052221	0.67899941	0.680028197	0.601840386	0.447522338	0.579207072	0.619329764	0.340528492
0.558762887	0.22371134	0.937113402	0.028865979	1.093814433	0.02371134	1.211340206	0.05257732	1.290721649	0.102061856	1.278350515	0.235051546	1.206185567	0.388659794	1.104123711	0.535051546	0.932989691	0.706185567	0.589690722	0.66185567	0.359793814	0.6	0.549484536	0.365979381
0.60389796	0.247937663	0.948541599	0.040122692	1.110061156	0.025719675	1.206767132	0.034978757	1.289070091	0.070986302	1.283926156	0.196498314	1.228371659	0.362133018	1.139895978	0.517479853	0.983520357	0.703690297	0.635790356	0.690316066	0.412543581	0.651222161	0.598754025	0.391967841
0.942146749	0.386362812	1.23140233	0.649792002	1.292352613	0.811981738	1.30268317	0.919419525	1.285121224	1.008262311	1.169418992	1.03925398	1.008262311	1.019625923	0.809915627	0.962807862	0.595040052	0.860535353	0.527891435	0.515494767	0.549585604	0.32747864	0.798552015	0.418387537
0.936074515	0.382470975	1.212360826	0.65360269	1.270092294	0.80927147	1.283494242	0.922672567	1.258752184	1.009269769	1.147412925	1.031949989	0.976280359	0.997929659	0.783498493	0.945352787	0.591747546	0.858755585	0.55360354	0.534016078	0.548448945	0.313399397	0.815456984	0.4216459
0.611799931	0.208074088	0.956519689	0.042442973	1.110763665	0.035196612	1.212212723	0.055900501	1.291922697	0.101449058	1.279500363	0.198757338	1.204966362	0.356106897	1.096270942	0.501034123	0.940991772	0.658383682	0.557969819	0.62318707	0.407866621	0.533125151	0.592131236	0.335403008

0.875889076	0.725041513	0.86372395	0.58392605	0.883188151	0.46227479	0.922116555	0.367386807	0.978076135	0.323592353	1.070531092	0.381984958	1.150820924	0.479305966	1.245708908	0.652050756	1.294369412	0.783434118	1.180017227	0.892920252	1.082696219	1.019437563	0.968344034	0.74693874
1.749391727	0.527980535	1.788321168	0.406326034	1.854014599	0.318734793	1.944038929	0.233576642	2.00243309	0.218978102	2.053527981	0.301703163	2.085158151	0.423357664	2.092457421	0.535279805	2.090024331	0.695863747	1.941605839	0.793187348	1.795620438	0.866180049	1.805352798	0.600973236
1.434778423	0.572462098	1.490333817	0.461351311	1.582120988	0.374395043	1.681154516	0.30676239	1.743956265	0.311593294	1.772941688	0.391303206	1.792265303	0.499998541	1.77535714	0.61352478	1.743956265	0.785021865	1.570043729	0.862316325	1.437193875	0.891301748	1.475841105	0.654587462
1.019367472	0.527843489	1.029052674	0.382565465	1.06779348	0.261500444	1.123483389	0.171912329	1.1864372	0.128328922	1.278446616	0.193704033	1.353506928	0.29539865	1.404354237	0.397093267	1.447937644	0.569005596	1.326872624	0.71186232	1.217914105	0.842612542	1.123483389	0.5907973
1.275358598	0.782606413	1.282604954	0.66424927	1.318836732	0.533814868	1.376807578	0.444443148	1.434778423	0.403380466	1.531396499	0.478259474	1.606275507	0.572462098	1.661830901	0.688403789	1.700478131	0.840577258	1.567628277	1.055552476	1.463763846	1.128016033	1.37922303	0.855069969
1.179608176	0.667473762	1.18446253	0.536406187	1.22087019	0.400484257	1.271840914	0.315533051	1.330093169	0.276698214	1.410190021	0.342232002	1.480578163	0.456309336	1.531548887	0.567959492	1.570383724	0.708735776	1.461160745	0.868929479	1.35679212	0.973298104	1.274268091	0.73300755
1.249996318	0.451454981	1.264559382	0.339804824	1.305821396	0.203882895	1.368928007	0.116504511	1.429607439	0.077669674	1.524267355	0.152912171	1.584946788	0.283979746	1.628635979	0.395629903	1.660189284	0.548542074	1.524267355	0.725726018	1.400481312	0.842230529	1.339801879	0.563105137
1.506053269	1.070217918	1.544794189	0.915254237	1.612590799	0.779661017	1.690072639	0.687651332	1.745762712	0.663438257	1.81598063	0.755447942	1.861985472	0.910411622	1.9031477	1.03874092	1.920096852	1.203389831	1.760290557	1.355932203	1.615012107	1.445520581	1.583535109	1.150121065
1.438218716	0.544779817	1.467273639	0.414032661	1.518119755	0.302655454	1.576229602	0.227596901	1.639181937	0.191278247	1.709398002	0.276021774	1.765086606	0.404347686	1.796562773	0.554464791	1.813511478	0.687633191	1.670658104	0.828065321	1.549595923	0.905545117	1.513277268	0.634365831
0.958737864	0.788834951	0.949029126	0.682038835	0.95631068	0.546116505	0.990291262	0.444174757	1.04368932	0.410194175	1.131067961	0.470873786	1.216019417	0.550970874	1.291262136	0.665048544	1.337378641	0.796116505	1.274271845	1	1.17961165	1.080097087	1.048543689	0.825242718
1.211675246	0.885642147	1.167879755	0.773720338	1.150848175	0.635034617	1.180045169	0.537711304	1.218974494	0.486616565	1.316297807	0.532845138	1.406321871	0.608270706	1.496345936	0.69829477	1.576637669	0.824815077	1.532842178	1.0340602	1.457416611	1.133816595	1.30169931	0.914839141
1.593631513	0.669081933	1.649591093	0.554729748	1.742046051	0.425779412	1.819902857	0.372252857	1.885594538	0.360087731	1.931822017	0.46227479	1.958585294	0.593658151	1.96588437	0.700711261	1.956152269	0.841826723	1.783407479	0.934281681	1.627693866	1.019437563	1.649591093	0.771268992
1.970938532	0.481838781	2.058105347	0.389829366	2.184012968	0.312347753	2.285707585	0.280870847	2.348661396	0.288134749	2.363189199	0.389829366	2.348661396	0.518158287	2.31234189	0.636802007	2.246966779	0.76997353	2.053262746	0.811135637	1.891035619	0.823242139	1.999994137	0.583533398
1.842227583	0.606794329	1.888343952	0.492716995	1.966013626	0.390775548	2.033974591	0.330096115	2.099508379	0.32524176	2.140770393	0.402911435	2.157760634	0.516988768	2.15290628	0.616503038	2.128634507	0.769415209	1.992712577	0.844657706	1.873780888	0.898055607	1.893198307	0.667473762
0.859541488	0.772376718	0.84743527	0.629523344	0.861962732	0.508461162	0.922493823	0.411611417	0.973339939	0.384977737	1.04113476	0.447930071	1.118614557	0.542358573	1.183988135	0.670684485	1.229991764	0.772376718	1.135563262	0.951548746	1.03387103	1.024186055	0.934600041	0.772376718
1.558252427	0.70631068	1.626213592	0.618932039	1.740291262	0.546116505	1.847087379	0.497572816	1.905339806	0.502427184	1.927184466	0.599514563	1.919902913	0.716019417	1.868932039	0.832524272	1.825242718	0.968446602	1.61407767	1.058252427	1.502427184	1.029126214	1.606796117	0.754854369
1.072964118	0.464707815	1.141088824	0.321159328	1.223811681	0.214106218	1.308967563	0.150847563	1.381958319	0.141115462	1.437917899	0.238436471	1.459815126	0.364953782	1.459815126	0.506069244	1.433051849	0.654483782	1.253007983	0.781001092	1.114325546	0.832094622	1.138655798	0.537698571
1.86440678	1.121065375	1.98062954	1.203389831	2.06779661	1.297820823	2.123486683	1.401937046	2.13559322	1.469733656	2.024213075	1.503631961	1.881355932	1.506053269	1.738498789	1.489104116	1.588377724	1.443099274	1.530266344	1.251815981	1.469733656	1.092009685	1.733656174	1.152542373
1.467308047	0.394671967	1.569002665	0.312347753	1.656169479	0.273606946	1.760285397	0.254236543	1.830503109	0.266343045	1.830503109	0.375301563	1.796604903	0.486681382	1.740914994	0.578690798	1.663433381	0.690070616	1.496363652	0.685228016	1.355928229	0.680385415	1.489099751	0.469732279
1.489051095	0.537712895	1.520681265	0.413625304	1.576642336	0.287104623	1.644768856	0.197080292	1.700729927	0.163017032	1.785888078	0.257907543	1.839416058	0.379562044	1.863746959	0.503649635	1.873479319	0.669099757	1.727493917	0.802919708	1.600973236	0.858880779	1.574209246	0.603406326
1.493917275	0.564476886	1.501216545	0.430656934	1.547445255	0.287104623	1.615571776	0.192214112	1.673965937	0.158150852	1.751824818	0.226277372	1.827250608	0.355231144	1.880778589	0.467153285	1.931873479	0.722627737	1.802919708	0.783454988	1.678832117	0.917274939	1.591240876	0.630170316
2.261494581	0.726390123	2.360767898	0.639223308	2.48909682	0.585954699	2.578684935	0.578690798	2.641638746	0.605325102	2.648902647	0.697334518	2.60774054	0.820820838	2.556893231	0.932200657	2.486675519	1.043580476	2.278443684	1.084742583	2.140429561	1.058108278	2.266337182	0.83050604
1.754807849	0.718427556	1.864028254	0.638332592	1.97082154	0.59707155	2.060624984	0.59707155	2.128584348	0.611634271	2.128584348	0.725708917	2.106740266	0.820366601	2.041208023	0.951431088	1.948977459	1.067932854	1.759662089	1.082495575	1.611607761	1.048515893	1.749953608	0.837356442
1.380145278	0.661016949	1.440677966	0.535108959	1.525423729	0.426150121	1.619854722	0.353510896	1.673123487	0.348668281	1.733656174	0.450363196	1.753026634	0.581113801	1.753026634	0.704600484	1.738498789	0.842615012	1.549636804	0.987893462	1.404358354	1.046004843	1.435835351	0.733656174
0.62863337	0.597080344	0.616497591	0.427179433	0.631060526	0.296113016	0.667467864	0.189318158	0.711156669	0.143202196	0.815524372	0.189318158	0.910183451	0.29368586	0.99270675	0.419897965	1.055812803	0.563100161	0.968435191	0.803388592	0.866494645	0.907756295	0.735428228	0.643196305
1.519377197	0.407756181	1.5921908	0.300962895	1.698984086	0.213586571	1.77665193	0.160189928	1.842184173	0.160189928	1.888299455	0.247566253	1.893153696	0.3859121	1.885872335	0.502413865	1.847038413	0.643186833	1.655295924	0.740271637	1.495105996	0.80094964	1.558211119	0.526685067
1.725707822	0.398053562	1.827648369	0.279122925	1.927161759	0.216016872	2.048519553	0.184463846	2.10919845	0.199026781	2.123761385	0.320384575	2.10919845	0.444169524	2.065509644	0.567954473	1.999976436	0.689312267	1.779105251	0.757272631	1.635903055	0.757272631	1.800949654	0.407762186
1.357424566	0.698035052	1.410562182	0.541037549	1.468530491	0.437177663	1.550652262	0.36230193	1.618281956	0.345394507	1.678665611	0.437177663	1.719726496	0.577267742	1.731803227	0.702865745	1.731803227	0.855032556	1.560313647	0.983045904	1.422638913	1.072413714	1.429884952	0.758418708
0.377722864	0.77239483	0.35835246	0.646487209	0.365616362	0.525422189	0.399514567	0.423727571	0.445519275	0.384986765	0.547213892	0.430991473	0.629538106	0.508473086	0.697334518	0.607746402	0.753024427	0.738496625	0.677964114	0.900723752	0.5907973	1.024210073	0.47215358	0.813556937
0.874081761	0.595634662	0.937035018	0.481834544	0.997566996	0.387404658	1.091996881	0.331715239	1.15010758	0.326872681	1.205797	0.41161745	1.230009791	0.539945243	1.225167232	0.639217687	1.198533162	0.789336992	1.031464903	0.886188156	0.895873273	0.912822227	0.922507343	0.697328385
1.751161753	0.425109612	1.818792828	0.333324582	1.915408649	0.243954948	1.999947492	0.195647037	2.067578567	0.195647037	2.108640291	0.299509045	2.098978708	0.413032634	2.074824753	0.545879388	2.019270656	0.66906456	1.838115992	0.753603403	1.712515425	0.741526425	1.799469664	0.468586731
1.152899037	0.478149706	1.169889129	0.347083289	1.220859402	0.203881093	1.28639261	0.121357793	1.347071507	0.084950455	1.429594806	0.160192287	1.487846547	0.283977237	1.529108197	0.410189342	1.5509526	0.55824585	1.412604715	0.701448046	1.28639261	0.800961437	1.230568025	0.519411356
1.910622446	1.700478131	1.973424195	1.833327985	2.009655973	1.951685128	2.014486877	2.048303203	1.983086002	2.115935856	1.884052475	2.089365886	1.760864428	2.0434723	1.644922738	1.968593291	1.536227403	1.850236148	1.512072884	1.606275507	1.54588921	1.473425653	1.76327988	1.659415449
1.7772345	0.418884971	1.849873512	0.300241251	1.934619026	0.205810535	2.031471043	0.147699325	2.101688754	0.140435424	2.145272162	0.254236543	2.152536063	0.368037662	2.147693462	0.486681382	2.087160952	0.663436312	1.912827323	0.745760526	1.762706697	0.791765234	1.815975306	0.513315687
1.895608733	0.509702732	1.973277721	0.415043653	2.065509644	0.332520354	2.162595879	0.26455999	2.225701931	0.257278522	2.274245049	0.371354848	2.276672205	0.483004018	2.257254958	0.614070435	2.206284684	0.766981254	1.990267812	0.871348957	1.861628551	0.868921801	1.934443227	0.611643279
