excluding quin, thus 191 42 36 from mac sawad pseudo quin 191 42 36 30.txt: selecting rows from 1 to 269
1.408963585	0.966386555	3.039215686	1.056022409	3.114845938	1.128851541	2.341736695	1.067226891	3.154061625	1.224089636	3.134453782	1.31092437	1.890756303	1.070028011	1.885154062	1.128851541	3.036414566	1.400560224	2.826330532	1.492997199	2.338935574	1.324929972	1.663865546	1.162464986	1.619047619	1.224089636	2.588235294	1.56302521	2.18487395	1.62464986	1.422969188	1.254901961	1.669467787	1.599439776	
1.583098592	1.081690141	3.092957746	1.067605634	3.154929577	1.129577465	2.487323944	1.123943662	3.202816901	1.211267606	3.2	1.287323944	2.042253521	1.146478873	2.033802817	1.197183099	3.073239437	1.374647887	2.890140845	1.470422535	2.445070423	1.352112676	1.822535211	1.23943662	1.78028169	1.304225352	2.650704225	1.557746479	2.312676056	1.636619718	1.549295775	1.34084507	1.83943662	1.673239437	
1.491567149	1.039321742	3.022459986	1.030894809	3.103920339	1.103928229	2.43538365	1.087074363	3.179762736	1.216287336	3.182571714	1.27246689	1.980329266	1.11516414	1.977520288	1.174152671	3.067403629	1.373590087	2.842685414	1.480331238	2.441001606	1.342691332	1.730330252	1.210669381	1.705049453	1.286511778	2.603922311	1.553364658	2.247182146	1.632016033	1.505612038	1.325837466	1.772464917	1.662914788	
1.393745336	1.138791921	3.039611271	1.297429601	3.096267585	1.37108281	2.339905787	1.254937365	3.130261374	1.475896992	3.110431664	1.555215832	1.88098964	1.25210455	1.88098964	1.308760864	2.994286219	1.631701856	2.759162514	1.716686328	2.314410446	1.526887675	1.645865935	1.334256205	1.614704962	1.405076599	2.487212205	1.759178564	2.121778976	1.798837984	1.388079704	1.422073493	1.623203409	1.767677011	
1.557721758	1.199980957	3.180231221	1.211248383	3.264736922	1.284486658	2.540804749	1.247867521	3.304172916	1.363358646	3.306989772	1.456314917	2.081657105	1.273219231	2.064755965	1.332373222	3.180231221	1.543637475	2.983051251	1.642227459	2.518269895	1.507018338	1.856308569	1.374626072	1.816872575	1.433780063	2.740801575	1.71828259	2.374610203	1.797154578	1.594340895	1.484483484	1.878843423	1.808422005	
1.521120726	1.242248593	3.228156207	1.363374873	3.312662913	1.45069847	2.529567429	1.366191763	3.349282487	1.566190969	3.318296694	1.645063896	2.039428528	1.357741092	2.028160967	1.405628226	3.216888646	1.718303042	3.002804988	1.81126042	2.501398527	1.625345664	1.780274627	1.44788158	1.746471944	1.526754506	2.723932855	1.881682675	2.30421621	1.93802048	1.538022067	1.540838957	1.791542188	1.918302248	
1.647000672	1.313679107	3.165154352	1.341689323	3.235179891	1.406112818	2.602149021	1.366898517	3.282797258	1.504148573	3.277195214	1.574174112	2.139980465	1.389306689	2.139980465	1.442526099	3.167955374	1.669408844	2.985888973	1.753439491	2.571337784	1.618990456	1.901893633	1.478939379	1.871082396	1.543362874	2.733797034	1.831868094	2.408878534	1.899092611	1.647000672	1.574174112	1.949510999	1.907495676	
1.799435028	1.098870056	3.062146893	1.096045198	3.132768362	1.166666667	2.56779661	1.141242938	3.161016949	1.237288136	3.163841808	1.310734463	2.203389831	1.163841808	2.200564972	1.217514124	3.081920904	1.384180791	2.923728814	1.471751412	2.564971751	1.353107345	2.014124294	1.259887006	1.994350282	1.307909605	2.723163842	1.533898305	2.426553672	1.607344633	1.836158192	1.353107345	2.016949153	1.621468927	
1.286496552	1.213463997	2.876359103	1.224699774	2.940964825	1.29773233	2.266818161	1.280878663	2.983098992	1.39885433	2.96905427	1.477504774	1.817387051	1.303350219	1.811769162	1.365146996	2.870741215	1.558964162	2.665688271	1.665704051	2.264009216	1.530874718	1.589862551	1.396045385	1.561773107	1.455033218	2.412883271	1.741545551	2.064574161	1.811769162	1.320203885	1.485931607	1.584244662	1.82300494	
1.588732394	0.966197183	3.197183099	1.005633803	3.261971831	1.070422535	2.566197183	1.028169014	3.309859155	1.174647887	3.298591549	1.242253521	2.078873239	1.050704225	2.064788732	1.098591549	3.205633803	1.34084507	3	1.43943662	2.546478873	1.284507042	1.878873239	1.154929577	1.864788732	1.214084507	2.766197183	1.515492958	2.41971831	1.585915493	1.628169014	1.250704225	1.907042254	1.585915493	
1.215643353	1.190434159	2.688980689	1.212842331	2.750603163	1.277265827	2.125975357	1.249255612	2.787016443	1.366898517	2.784215421	1.44532712	1.677811909	1.266061741	1.677811909	1.327684215	2.688980689	1.526556745	2.515317353	1.621791478	2.117572292	1.487342443	1.439725077	1.355694431	1.411714862	1.417316905	2.316444822	1.69741906	1.977521215	1.756240512	1.218444375	1.456531206	1.509750616	1.781449706	
1.660086162	0.817402831	3.151635658	0.952232164	3.205005603	1.028073664	2.528049993	0.952232164	3.249948713	1.137622497	3.247139769	1.227508719	2.078618883	0.938187442	2.078618883	0.988748442	3.109501492	1.311777052	2.89321277	1.410090107	2.471871104	1.205037163	1.89322855	1.022455775	1.865139106	1.089870442	2.643216715	1.460651107	2.280862883	1.505594218	1.64604144	1.109533053	1.859521217	1.471886885	
1.542110496	1.047736275	3.14039988	1.123577775	3.188151936	1.179756663	2.477488993	1.117959886	3.230286102	1.280878663	3.224668214	1.34829333	2.014013161	1.134813553	2.01963105	1.188183497	3.117928325	1.435370607	2.89321277	1.536492607	2.426927993	1.367955941	1.77244394	1.224699774	1.764017106	1.292114441	2.612318326	1.598289385	2.261200272	1.657277218	1.533683663	1.331439663	1.817387051	1.67132194	
1.507036274	1.002812923	3.115480597	1.008446703	3.199987304	1.08450274	2.484497185	1.047883167	3.247874438	1.180277007	3.242240658	1.259149934	2.014076516	1.067601398	2.008442736	1.123939203	3.140832609	1.346473531	2.90421383	1.45351536	2.459145173	1.298586397	1.785908407	1.171826337	1.754922615	1.239431702	2.650693709	1.521120726	2.281681088	1.588726091	1.523937616	1.267600605	1.783091517	1.602810542	
1.57344005	1.062142655	3.194902507	1.161012317	3.265523694	1.242932894	2.58473545	1.177961402	3.307896406	1.341802556	3.302246711	1.418073438	2.076262902	1.172311707	2.084737445	1.228808656	3.197727354	1.499994015	2.997163183	1.590389135	2.548012433	1.423723133	1.872873883	1.262706826	1.841800561	1.322028624	2.748576604	1.652535779	2.381346431	1.714682424	1.593213982	1.327678319	1.853099951	1.694908492	
1.609525162	1.030882608	3.272420269	1.162902997	3.328599158	1.238744497	2.564566271	1.134813553	3.362306491	1.337057552	3.351070713	1.42413483	2.07019205	1.143240386	2.064574161	1.199419275	3.221859269	1.511212107	2.997143714	1.612334107	2.516814215	1.410090107	1.842667551	1.227508719	1.820195995	1.303350219	2.749956604	1.682557718	2.381984882	1.741545551	1.629187773	1.337057552	1.859521217	1.72188294	
1.61235319	0.707862376	3.238751267	0.823030461	3.300548776	0.904490814	2.623585155	0.817412505	3.328638553	0.991569122	3.314593665	1.058984586	2.171339748	0.823030461	2.160103838	0.870783081	3.224706379	1.129209028	3.030886919	1.221905292	2.587068445	1.067411519	1.918531757	0.898872858	1.904486868	0.955052412	2.755607106	1.286511778	2.396057963	1.339882354	1.646060922	0.960670367	1.896059935	1.311792578	
1.49435844	1.258407108	3.101074658	1.289305497	3.179725103	1.365146996	2.449399549	1.311777052	3.221859269	1.460651107	3.207814547	1.533683663	1.983114772	1.328630719	1.980305828	1.387618552	3.087029936	1.631996718	2.862314381	1.744354495	2.412883271	1.578626774	1.74716344	1.429752718	1.713456107	1.488740552	2.609509382	1.808960217	2.227492938	1.870756995	1.497167385	1.516829996	1.761208162	1.862330162	
1.742910037	1.152523979	3.330455322	1.26834134	3.381301968	1.324837613	2.694872245	1.259866899	3.415199732	1.412406837	3.403900478	1.49150162	2.248551685	1.265516526	2.240077244	1.319187986	3.296557558	1.57624603	3.101645414	1.672289695	2.672273736	1.508450502	2.036690659	1.344611309	2.008442522	1.401107582	2.861536252	1.734435596	2.494310474	1.779632615	1.773982988	1.409582024	2.008442522	1.745734851	
1.44817359	1.025206062	3.095225952	1.114841565	3.151248141	1.19327263	2.425760792	1.117642674	3.179259236	1.291311461	3.15965147	1.366941416	1.994389935	1.13725044	1.988787716	1.19327263	3.030800435	1.4509747	2.826319444	1.543411312	2.378141931	1.366941416	1.756295631	1.226885943	1.728284536	1.285709242	2.610634016	1.60503572	2.240887567	1.666660128	1.478985794	1.302515898	1.745091193	1.65545569	
1.642247006	0.667602985	3.298578462	0.881686643	3.374634499	0.97464402	2.628158587	0.84506707	3.416887852	1.08731963	3.405620291	1.160558776	2.188723711	0.814081277	2.163371699	0.873235972	3.281677121	1.236614812	3.053509012	1.318304629	2.583088343	1.109854752	1.923936029	0.901404874	1.890133346	0.96901024	2.797172001	1.371825543	2.408441149	1.405628226	1.630979445	0.980277801	1.867598224	1.357741092	
1.453775809	0.848736166	3.030800435	0.943973888	3.103629281	1.022404953	2.414556354	0.941172778	3.128839266	1.106438236	3.117634828	1.179267082	1.974782169	0.949576107	1.974782169	0.999996077	2.991584902	1.260499257	2.806711678	1.34453254	2.392147478	1.19327263	1.711477879	1.022404953	1.683466785	1.092432689	2.560214046	1.406156948	2.198870925	1.44817359	1.459378028	1.117642674	1.689069004	1.439770262	
1.542110496	0.778077609	3.263993436	0.845492276	3.337025991	0.921333775	2.589846771	0.853919109	3.373542269	1.028073664	3.356688602	1.109533053	2.058956272	0.870772775	2.053338383	0.932569553	3.224668214	1.19661033	2.988716881	1.292114441	2.547712604	1.123577775	1.842667551	0.977512664	1.817387051	1.047736275	2.71624927	1.362338052	2.34265966	1.426943774	1.556155218	1.075825719	1.837049662	1.452224274	
1.626398078	1.019658899	3.210661491	0.887636948	3.278076955	0.963479345	2.584259467	0.985951166	3.325829576	1.053366631	3.323020598	1.129209028	2.129205083	1.058984586	2.126396105	1.112355162	3.233133312	1.227523247	3.061785673	1.351118265	2.584259467	1.255613024	1.904486868	1.174152671	1.89044198	1.249995069	2.792123816	1.463477372	2.426956717	1.58707239	1.643251944	1.306174622	1.955048467	1.632016033	
1.574622898	1.078856118	3.160513224	1.199980957	3.219667215	1.267585518	2.523903608	1.191530386	3.250652638	1.360541789	3.247835782	1.442230633	2.028136828	1.194347243	2.022503115	1.242233807	3.123894087	1.518285764	2.92389726	1.625326319	2.470383331	1.44504749	1.791520865	1.281669801	1.771802868	1.340823792	2.63376102	1.681663453	2.284470788	1.743634301	1.532370048	1.371809216	1.816872575	1.726733161	
1.568989185	0.968998707	3.261920065	0.929562713	3.323890913	0.988716704	2.571790172	0.980266134	3.374594333	1.084489832	3.374594333	1.163361819	2.101375102	1.025335841	2.098558246	1.081672975	3.259103208	1.267585518	3.050655812	1.383076642	2.537987892	1.236600094	1.853491712	1.126742682	1.830956859	1.199980957	2.771786998	1.4703992	2.422496767	1.549271188	1.574622898	1.242233807	1.91546256	1.594340895	
1.568989185	0.94083014	3.123894087	1.014068414	3.180231221	1.078856118	2.537987892	1.022518984	3.214033501	1.163361819	3.216850358	1.247867521	2.030953685	1.030969554	2.033770541	1.084489832	3.12107723	1.326739508	2.926714117	1.41969578	2.495735041	1.276036088	1.799971435	1.118292112	1.783070295	1.18026296	2.664746444	1.492934054	2.326723639	1.554904902	1.571806042	1.208431527	1.825323145	1.557721758	
1.616894993	0.943658228	3.38871895	1.149291215	3.450690535	1.225347251	2.653510599	1.0957703	3.484493218	1.309853958	3.464774986	1.394360665	2.143653467	1.076052069	2.132385906	1.140840544	3.340831816	1.478867372	3.109846817	1.56900786	2.608440355	1.360557982	1.904217797	1.166192556	1.881682675	1.233797922	2.811256452	1.625345664	2.41970871	1.656331457	1.622528774	1.236614812	1.878865785	1.633796335	
1.634805662	1.157285108	3.314554436	1.230317663	3.387586991	1.328630719	2.665688271	1.255598163	3.424103269	1.410090107	3.396013824	1.491549496	2.176931939	1.261216052	2.165696161	1.317394941	3.297700769	1.57019994	3.072985214	1.674130884	2.626363049	1.51963894	1.946598495	1.359529107	1.915700106	1.418516941	2.794899715	1.741545551	2.426927993	1.794915495	1.634805662	1.438179552	1.89322855	1.794915495	
1.50837341	1.266808953	3.053262377	1.306133399	3.12910238	1.370737847	2.443733457	1.33422229	3.171235716	1.457813407	3.165617938	1.539271189	1.983075656	1.356693402	1.969031211	1.404444515	3.050453488	1.631964527	2.865066812	1.733084532	2.43530679	1.603875637	1.755555644	1.446577851	1.721848976	1.513991188	2.620693466	1.811733425	2.263964559	1.890382318	1.511182299	1.553315634	1.778026757	1.910044541	
1.742930899	1.053668112	3.163829185	1.110165062	3.206201897	1.169486859	2.581910602	1.115814757	3.245749762	1.254232284	3.225975829	1.324853471	2.121460462	1.141238384	2.121460462	1.192085639	3.141230405	1.403949201	2.951965623	1.49434432	2.49434033	1.338977708	1.915246596	1.223158962	1.898297511	1.279655911	2.714678434	1.564965507	2.358747651	1.629937	1.677959407	1.322028624	1.816376934	1.624287305	
1.57182475	1.315487739	3.140832609	1.397177555	3.199987304	1.476050482	2.557736331	1.405628226	3.242240658	1.554923408	3.239423767	1.656331457	2.081681882	1.414078897	2.076048101	1.470416701	3.135198829	1.726753713	2.940833403	1.81126042	2.518299868	1.661965237	1.845063102	1.495768713	1.8168942	1.552106518	2.704214623	1.878865785	2.309849991	1.93520359	1.554923408	1.58027542	1.805626639	1.923936029	
1.434173669	1.176470588	3.078431373	1.218487395	3.142857143	1.288515406	2.386554622	1.246498599	3.18767507	1.386554622	3.182072829	1.473389356	1.929971989	1.268907563	1.927170868	1.327731092	3.084033613	1.571428571	2.840336134	1.694677871	2.380952381	1.518207283	1.708683473	1.369747899	1.677871148	1.431372549	2.579831933	1.759103641	2.201680672	1.837535014	1.425770308	1.453781513	1.719887955	1.831932773	
1.622528774	1.20562902	3.163367731	1.236614812	3.236606877	1.318304629	2.580271453	1.250699263	3.261958889	1.397177555	3.250691328	1.481684262	2.081681882	1.273234385	2.084498772	1.321121519	3.135198829	1.566190969	2.946467183	1.656331457	2.54083499	1.507036274	1.873232005	1.371825543	1.842246212	1.433797128	2.721115965	1.723936822	2.323934442	1.791542188	1.622528774	1.470416701	1.881682675	1.799992859	
1.433802817	0.935211268	3.014084507	1.070422535	3.084507042	1.157746479	2.394366197	1.070422535	3.107042254	1.261971831	3.090140845	1.34084507	1.946478873	1.053521127	1.932394366	1.112676056	2.977464789	1.433802817	2.783098592	1.523943662	2.349295775	1.332394366	1.676056338	1.129577465	1.630985915	1.2	2.521126761	1.577464789	2.163380282	1.630985915	1.397183099	1.197183099	1.684507042	1.6	
1.606716218	1.176947719	3.269611325	1.050545219	3.36792438	1.123577775	2.609509382	1.140431441	3.390395935	1.202228219	3.396013824	1.294923385	2.098281494	1.219081886	2.092663605	1.27245183	3.297700769	1.396045385	3.115119381	1.522447885	2.57018416	1.421325885	1.898846439	1.342675441	1.867948051	1.415707996	2.837033881	1.643232496	2.440972716	1.758399218	1.640423551	1.455033218	1.94378955	1.806151273	
1.439430909	1.143657434	3.312662913	1.261966824	3.374634499	1.33520597	2.591539014	1.259149934	3.414070962	1.45069847	3.39435273	1.538022067	2.016893407	1.259149934	2.016893407	1.318304629	3.250691328	1.622528774	3.008438768	1.723936822	2.5380181	1.543655847	1.805626639	1.366191763	1.757739505	1.433797128	2.732383526	1.788725298	2.335202003	1.861964444	1.470416701	1.45351536	1.783091517	1.850696883	
1.565771047	1.333286258	2.932669564	1.226847439	2.988689995	1.271663784	2.322046866	1.299674	3.027904296	1.338888301	3.030705318	1.403311797	1.921500784	1.375301581	1.915898741	1.406112818	2.935470585	1.49854653	2.784215421	1.593781262	2.414480577	1.520954702	1.829067073	1.487342443	1.82346503	1.526556745	2.58254187	1.677811909	2.218409068	1.787051749	1.540561853	1.579776155	1.8066589	1.837470137	
1.606716218	1.176947719	3.269611325	1.050545219	3.36792438	1.123577775	2.609509382	1.140431441	3.390395935	1.202228219	3.396013824	1.294923385	2.098281494	1.219081886	2.092663605	1.27245183	3.297700769	1.396045385	3.115119381	1.522447885	2.57018416	1.421325885	1.898846439	1.342675441	1.867948051	1.415707996	2.837033881	1.643232496	2.440972716	1.758399218	1.640423551	1.455033218	1.94378955	1.806151273	
1.556155218	1.115150941	2.99433477	1.244362386	3.050513658	1.32301283	2.379175938	1.224699774	3.081412047	1.415707996	3.07017627	1.491549496	1.949407439	1.219081886	1.940980606	1.269642885	2.957818492	1.57019994	2.755574493	1.657277218	2.328614938	1.474695829	1.733118718	1.29773233	1.705029273	1.353911219	2.528049993	1.713456107	2.202212439	1.761208162	1.508403163	1.382000663	1.730309773	1.730309773	
1.499946743	1.081422277	3.224604608	1.202204505	3.294826833	1.283662287	2.542044573	1.196586727	3.33415128	1.384782292	3.317297946	1.466240074	2.008355657	1.182542282	1.99992899	1.235911174	3.202133495	1.544888967	2.95776015	1.631964527	2.494293459	1.44938674	1.783644535	1.266808953	1.763982311	1.337031179	2.682489025	1.685333419	2.311715672	1.735893421	1.505564521	1.353884513	1.775217868	1.727466754	
1.624624366	1.196059662	3.229641196	1.176452127	3.296867032	1.243677963	2.590995756	1.226871504	3.352888562	1.358522099	3.341684256	1.434151164	2.095205216	1.260484422	2.089603063	1.319307028	3.229641196	1.520984535	3.002754	1.638629748	2.546178532	1.49297377	1.859914791	1.372527481	1.848710485	1.436952241	2.756259269	1.711457737	2.41172686	1.792688955	1.635828672	1.487371618	1.935543856	1.826301873	
1.474695829	1.064589942	3.328599158	1.19661033	3.390395935	1.27245183	2.426927993	1.17132983	3.426912213	1.396045385	3.401631713	1.477504774	1.99435055	1.182565608	1.971878995	1.24717133	3.303318658	1.556155218	3.078603103	1.676939829	2.474680049	1.466268996	1.834240717	1.311777052	1.808960217	1.379191719	2.778046048	1.749972384	2.34265966	1.828622828	1.485931607	1.387618552	1.817387051	1.834240717	
1.792688955	1.322108104	3.092388448	1.383731787	3.137205672	1.434151164	2.450941931	1.38933394	3.165216437	1.515382382	3.176420742	1.574204989	2.114812752	1.411742552	2.106409522	1.4537587	3.089587371	1.66103836	2.938329241	1.736667425	2.548979608	1.607817907	2.008371845	1.501377	1.994366463	1.543393147	2.742253886	1.801092185	2.383716095	1.859914791	1.722662043	1.560199606	1.98036108	1.862715868	
1.705049453	1.120782095	3.112347272	1.146062894	3.168526825	1.207860403	2.452237516	1.157298805	3.193807625	1.294938711	3.188189669	1.373590087	2.061789619	1.19943347	2.058980641	1.241568135	3.092684428	1.455050439	2.901673946	1.542128747	2.578641512	1.424151685	1.971902333	1.311792578	1.9634754	1.351118265	2.685382664	1.598308301	2.320215565	1.674150699	1.674150699	1.379208042	1.918531757	1.685386609	
1.595499323	1.193815515	3.376391174	1.15168085	3.457851527	1.227523247	2.578641512	1.219096314	3.511222103	1.34550031	3.494368236	1.432578618	2.101115306	1.266848935	2.112351217	1.328646444	3.396054018	1.528083859	3.171335803	1.651678877	2.606731289	1.497185105	1.943812556	1.398870886	1.921340735	1.463477372	2.876393146	1.744375141	2.438192628	1.856734248	1.598308301	1.491567149	1.949430511	1.901677891	
1.591965786	1.113242979	3.254748556	1.175561924	3.305736784	1.254876946	2.481427098	1.198223359	3.348226974	1.356853402	3.317067502	1.439001102	2.082019311	1.206721397	2.062190556	1.27753838	3.232087122	1.518316124	3.002640095	1.6174599	2.521084608	1.455997178	1.903560513	1.334191967	1.863903003	1.385180195	2.736368238	1.693942243	2.334127772	1.776089943	1.580635069	1.399343592	1.923389269	1.795918699	
1.483146067	1.120786517	3.351123596	1.289325843	3.401685393	1.367977528	2.502808989	1.244382022	3.438202247	1.469101124	3.412921348	1.553370787	2.04494382	1.247191011	2.030898876	1.311797753	3.297752809	1.632022472	3.081460674	1.72752809	2.514044944	1.508426966	1.828651685	1.348314607	1.800561798	1.390449438	2.806179775	1.780898876	2.362359551	1.83988764	1.488764045	1.393258427	1.879213483	1.831460674	
1.485949194	1.081456408	3.238751267	1.030894809	3.314593665	1.098310274	2.429765695	1.109546184	3.365155263	1.191006537	3.351110375	1.283702801	1.994374154	1.154489827	1.991565177	1.219096314	3.2471782	1.376399064	3.033695897	1.499994082	2.47190036	1.365163153	1.792127761	1.275275868	1.761229007	1.339882354	2.749989151	1.598308301	2.325833521	1.713476386	1.488758171	1.379208042	1.848307315	1.744375141	
1.558183053	1.174886687	3.405227135	1.249879454	3.488552432	1.335982261	2.530311517	1.263767004	3.516327531	1.438750127	3.494107452	1.533185464	2.097019973	1.283209573	2.077577404	1.335982261	3.396894605	1.613733251	3.144141205	1.733166176	2.577529185	1.527630444	1.92203685	1.391532459	1.877596691	1.449860167	2.813617527	1.802603924	2.388658512	1.866486652	1.577625622	1.472080246	1.885929221	1.880374201	
1.547697856	1.16007117	3.342577947	1.126364501	3.404373505	1.207822283	2.539235684	1.182542282	3.446506841	1.286471176	3.443697952	1.365120069	2.08700455	1.227484507	2.08700455	1.289280065	3.367857948	1.452195629	3.151573493	1.578595635	2.57856013	1.443768962	1.904426763	1.348266735	1.887573429	1.407253404	2.836977921	1.676906751	2.438115679	1.772408979	1.603875637	1.44938674	1.94094232	1.808924536	
1.492957746	1.284507042	3.242253521	1.383098592	3.298591549	1.461971831	2.408450704	1.363380282	3.329577465	1.546478873	3.315492958	1.630985915	1.98028169	1.383098592	1.977464789	1.456338028	3.183098592	1.721126761	2.963380282	1.825352113	2.4	1.622535211	1.78028169	1.487323944	1.746478873	1.549295775	2.695774648	1.890140845	2.25915493	1.974647887	1.464788732	1.577464789	1.783098592	1.977464789	
1.495774847	1.106425215	3.176420742	1.131634903	3.215635813	1.204462892	2.397721478	1.154043515	3.252049808	1.291296263	3.249248731	1.372527481	1.966355698	1.184855356	1.963554621	1.240876886	3.120399213	1.464963006	2.918721705	1.565801759	2.425732242	1.414543629	1.803893261	1.305301645	1.770280343	1.364124252	2.649818362	1.630226519	2.254866576	1.71705989	1.470565159	1.386532864	1.778683573	1.739468502	
1.587078652	1.056179775	3.356741573	1.196629213	3.415730337	1.283707865	2.52247191	1.168539326	3.441011236	1.362359551	3.426966292	1.466292135	2.084269663	1.18258427	2.070224719	1.244382022	3.320224719	1.528089888	3.101123596	1.632022472	2.528089888	1.438202247	1.929775281	1.297752809	1.898876404	1.33988764	2.834269663	1.70505618	2.443820225	1.786516854	1.578651685	1.348314607	1.949438202	1.766853933	
1.559550803	1.04154725	3.360097912	1.235452324	3.415499361	1.324094643	2.50691559	1.174510729	3.437659941	1.432127469	3.421039506	1.520769789	2.038773341	1.174510729	2.033233196	1.235452324	3.335167259	1.5900216	3.058160012	1.684204065	2.468134575	1.454288049	1.92520037	1.299163991	1.886419355	1.360105585	2.783922837	1.745145659	2.371182038	1.814397471	1.545700441	1.373955947	1.88087921	1.806087253	
1.580736544	0.923512748	3.220963173	1.084985836	3.263456091	1.155807365	2.492917847	1.056657224	3.297450425	1.246458924	3.277620397	1.33427762	2.07082153	1.053824363	2.067988669	1.110481586	3.175637394	1.419263456	2.97733711	1.518413598	2.515580737	1.331444759	1.883852691	1.155807365	1.858356941	1.218130312	2.722379603	1.583569405	2.320113314	1.64305949	1.575070822	1.21529745	1.855524079	1.628895184	
1.538022067	0.954925789	3.487310108	0.985911581	3.546464803	1.059150727	2.532384319	0.999996033	3.583084376	1.152108105	3.566183034	1.245065483	2.084498772	1.039432496	2.067597431	1.098587191	3.447873645	1.33238908	3.225339316	1.436614019	2.560553221	1.284501946	1.898584017	1.171826337	1.864781334	1.228164141	2.932382732	1.535205177	2.470412734	1.642247006	1.538022067	1.276051275	1.954921821	1.670415908	
1.515486945	1.188727678	3.191536633	1.239431702	3.250691328	1.312670848	2.383089137	1.253516153	3.287310901	1.399994446	3.26759267	1.507036274	1.977456943	1.276051275	1.974640053	1.340839751	3.15491706	1.591542981	2.940833403	1.69295103	2.405624259	1.521120726	1.81126042	1.397177555	1.785908407	1.45633225	2.66477816	1.783091517	2.273230418	1.847879993	1.526754506	1.473233592	1.802809749	1.864781334	
1.60783683	1.14005155	3.352928022	0.994393858	3.41735354	1.064421594	2.549009608	1.106438236	3.478977948	1.165261535	3.476176839	1.252095928	2.148450955	1.179267082	2.151252065	1.24089149	3.375336898	1.34733365	3.173657017	1.481786904	2.607832906	1.366941416	2.008395482	1.313720336	1.974782169	1.366941416	2.896347181	1.588229063	2.543407389	1.717080098	1.675063457	1.425764715	2.033605467	1.773102288	
1.374253425	1.203868346	3.022240256	1.2681119	3.07251782	1.329562257	2.251317603	1.276491494	3.114415791	1.430117385	3.094863404	1.505533732	1.863063078	1.296043881	1.857476682	1.349114643	2.971962692	1.600502465	2.782025226	1.687091603	2.273663187	1.52229292	1.701057593	1.407771801	1.675918811	1.455256168	2.527844207	1.759714752	2.136796484	1.849097088	1.393805811	1.491567742	1.715023583	1.868649474	
1.689049125	0.952366007	3.165216437	1.109226291	3.21003366	1.17365105	2.436936548	1.061607991	3.226840119	1.260484422	3.204431507	1.330511334	2.081199834	1.07001122	2.055990145	1.117629521	3.120399213	1.38933394	2.929926011	1.473366235	2.560183914	1.322108104	1.943947086	1.165247821	1.918737397	1.215667198	2.705839892	1.526586688	2.274474112	1.577006065	1.582608218	1.201661815	1.879522326	1.546194224	
1.603351955	1.254189944	3.265363128	1.273743017	3.337988827	1.354748603	2.497206704	1.301675978	3.393854749	1.460893855	3.365921788	1.541899441	2.019553073	1.337988827	2.019553073	1.393854749	3.251396648	1.620111732	3.022346369	1.734636872	2.525139665	1.553072626	1.882681564	1.43575419	1.857541899	1.491620112	2.745810056	1.798882682	2.346368715	1.874301676	1.581005587	1.516759777	1.891061453	1.88547486	
1.661016949	1.254237288	3.401129944	1.36440678	3.451977401	1.437853107	2.531073446	1.361581921	3.494350282	1.539548023	3.483050847	1.621468927	2.115819209	1.378531073	2.110169492	1.437853107	3.358757062	1.728813559	3.138418079	1.836158192	2.59039548	1.646892655	1.949152542	1.497175141	1.912429379	1.562146893	2.838983051	1.90960452	2.392655367	1.97740113	1.601694915	1.570621469	1.906779661	1.985875706	
1.529553191	0.999984131	3.425297754	1.090123545	3.506986599	1.17181239	2.571790172	1.087306688	3.537972022	1.278852944	3.518254025	1.366175502	2.13799424	1.115475255	2.13799424	1.183079816	3.388678617	1.464765487	3.166146937	1.568989185	2.577423886	1.383076642	1.901378276	1.23096638	1.876026566	1.301387798	2.845025273	1.647861173	2.422496767	1.738000587	1.566172328	1.329556365	1.92391313	1.757718584	
1.425770308	1.193277311	3.084033613	1.285714286	3.145658263	1.352941176	2.352941176	1.285714286	3.179271709	1.453781513	3.170868347	1.537815126	1.879551821	1.291316527	1.879551821	1.361344538	3.044817927	1.619047619	2.848739496	1.711484594	2.361344538	1.540616246	1.756302521	1.400560224	1.731092437	1.456582633	2.577030812	1.775910364	2.165266106	1.843137255	1.428571429	1.456582633	1.733893557	1.837535014	
1.579096045	1.011299435	3.310734463	1.146892655	3.370056497	1.225988701	2.531073446	1.132768362	3.40960452	1.310734463	3.381355932	1.401129944	2.076271186	1.138418079	2.076271186	1.194915254	3.257062147	1.491525424	3.016949153	1.59039548	2.542372881	1.403954802	1.920903955	1.240112994	1.892655367	1.299435028	2.742937853	1.644067797	2.353107345	1.723163842	1.598870056	1.307909605	1.872881356	1.725988701	
1.565820188	1.154057097	3.268894739	1.282908132	3.338922475	1.358538088	2.456572996	1.263300366	3.36413246	1.464980247	3.350126913	1.55461575	2.064417671	1.268902585	2.053213233	1.338930321	3.235281425	1.633046815	2.997187121	1.742290084	2.473379652	1.535007984	1.854334462	1.380946963	1.834726696	1.434168043	2.717076175	1.81231782	2.352931946	1.871141119	1.546212421	1.442571371	1.8655389	1.843130024	
1.629937	1.209034724	3.403941221	1.372875878	3.466087866	1.468920693	2.564961517	1.333328013	3.49433634	1.576264897	3.463263018	1.652535779	2.138409547	1.336152861	2.12428531	1.387000116	3.358743661	1.723156967	3.121456472	1.819201781	2.638407552	1.61863761	1.946319918	1.440672218	1.918071443	1.491519473	2.816372944	1.878523578	2.412419753	1.935020528	1.615812762	1.508468558	1.95479446	1.920896291	
1.527909118	1.145233525	3.094923771	1.212271585	3.161961831	1.290482655	2.346332101	1.2290311	3.198274114	1.399419503	3.189894356	1.469250816	1.980416023	1.248583868	1.974829518	1.301655665	3.103303529	1.555841643	2.877050076	1.661985238	2.368678121	1.480423826	1.829580388	1.357520715	1.801647863	1.405006008	2.583758563	1.734609803	2.212255981	1.779301843	1.519529361	1.424558776	1.793268106	1.790474853	
1.608425179	1.261951804	3.281638062	1.273219231	3.36051005	1.352091219	2.476017044	1.290120371	3.391495474	1.450681203	3.36896062	1.523919478	2.033770541	1.326739508	2.030953685	1.383076642	3.281638062	1.594340895	3.070373809	1.698564594	2.507002468	1.554904902	1.912645703	1.45349806	1.90701199	1.501384624	2.799955565	1.799971435	2.408412483	1.884477136	1.583073469	1.532370048	1.95771541	1.921096273	
1.575363682	1.080967633	3.404908384	1.25414591	3.474738335	1.335148653	2.575328573	1.217834336	3.508256711	1.435703781	3.488704325	1.52229292	2.094898514	1.215041138	2.092105316	1.287664286	3.379769602	1.597709267	3.145140969	1.703850791	2.583708167	1.491567742	1.902167851	1.326769059	1.87423587	1.388219415	2.860234771	1.770887544	2.416116286	1.835131098	1.586536474	1.404978603	1.932893029	1.812785514	
1.516736108	1.08378197	3.346316496	1.108921243	3.407768051	1.198305323	2.460855453	1.16199304	3.452460091	1.310035423	3.435700576	1.396626251	2.030694568	1.189925565	2.019521558	1.26255013	3.315590719	1.491596836	3.103303529	1.622879703	2.513927251	1.449698048	1.860306166	1.31841518	1.837960146	1.379866735	2.823978279	1.717850288	2.371471373	1.818407378	1.511149603	1.407799261	1.888238691	1.826787136	
1.598257859	0.980302272	3.412800173	1.109511167	3.485831287	1.205013394	2.536426795	1.109511167	3.516729067	1.300515621	3.497066844	1.384782292	2.112284551	1.106702278	2.098240106	1.168497837	3.376284615	1.474666741	3.174044605	1.572977857	2.561706796	1.381973403	1.918471208	1.230293396	1.893191207	1.292088954	2.853831255	1.657244528	2.421262345	1.724657865	1.587022302	1.294897843	1.94094232	1.730275643	
1.519529361	0.98322488	3.418941061	1.092161728	3.469219606	1.159199788	2.497167736	1.080988718	3.502738636	1.265343383	3.483185869	1.337967948	2.072593356	1.09495498	2.064213598	1.156406535	3.371455769	1.418972271	3.150788821	1.541875381	2.527893513	1.3407612	1.888238691	1.20668508	1.857512913	1.268136635	2.871463571	1.617293198	2.393817393	1.698297521	1.544668633	1.287689403	1.910584711	1.698297521	
1.481769465	1.058806914	3.319275644	1.193258586	3.383700403	1.277290881	2.428533319	1.17365105	3.417313321	1.386532864	3.397705785	1.470565159	1.969156774	1.257683345	1.929941703	1.310903798	3.310872414	1.554597453	3.075581989	1.675043743	2.481753772	1.462161929	1.837506179	1.308102722	1.809495414	1.372527481	2.773065728	1.753473884	2.344501024	1.82069972	1.478968388	1.383731787	1.859914791	1.826301873	
1.800554694	1.325837466	3.08987545	1.387634975	3.143246026	1.435387596	2.438192628	1.396061908	3.168526825	1.516847948	3.176953758	1.573027502	2.117969172	1.410106796	2.117969172	1.452241462	3.08987545	1.662914788	2.935381678	1.741566163	2.553360713	1.615162167	2.01122802	1.497185105	2.002801087	1.547746703	2.73875324	1.80617265	2.376395119	1.865161181	1.73313923	1.567409547	1.985947221	1.865161181	
1.603341533	1.203922529	3.277502038	1.17559494	3.368150323	1.257744948	2.589141628	1.243581154	3.40214343	1.356891509	3.399310671	1.433376	2.181224347	1.283239778	2.152896758	1.348393233	3.288833074	1.498529454	3.039550291	1.631669122	2.552315762	1.490031177	1.91777777	1.402215652	1.889450181	1.453205312	2.821427857	1.719484648	2.390848505	1.827129486	1.628836363	1.48436566	1.934774323	1.829962244	
1.509655598	1.036147385	3.105656811	1.100210261	3.158578318	1.167058479	2.470598737	1.119707658	3.208714481	1.258974779	3.203143797	1.353676422	2.011017236	1.139205055	2.002661208	1.197697246	3.077803387	1.437236695	2.868902705	1.543079707	2.437174628	1.367603134	1.83275532	1.245048067	1.807687238	1.292398888	2.632148598	1.596001213	2.306263534	1.662849432	1.540294365	1.320252313	1.824399293	1.646137377	
