JP_26sawadwongporni.txt and JP_28pseudowillmori.txt , concatenation by row

1.82019151309205	1.20305824522342	3.21427594666458	1.23017636140674	3.28077820763005	1.29920429350972	2.67733176553593	1.25729447759005	3.31279781476157	1.37809335877027	3.2955564878446	1.45944770732022	2.26107687282611	1.27701674390519	2.25615077942127	1.32632240969303	3.1871824329379	1.55066318902773	3.05417791100695	1.6246216877095	2.66747957872623	1.48903110679292	2.02462438939332	1.36576694232331	1.99506782896422	1.42246845797933	2.84728198800326	1.6887190532337	2.53447505679529	1.76267755191546	1.7955610460678	1.47177412376718	2.07881141684667	1.7823998182306	
1.47536498288376	0.881770724327856	3.0615670679875	0.948272985659845	3.12560628260349	1.02216438713983	2.4334901554076	0.955662125807844	3.15516284319549	1.09605578861982	3.14284760961549	1.19457765725981	1.96797432608368	0.963051265955843	1.96058518593568	1.01723829370783	3.0344735541115	1.27093210545579	2.81772544310354	1.35713874051578	2.39161836123561	1.2093559375558	1.66501958001573	1.05418399444783	1.66009348658373	1.12068625577982	2.59358819194758	1.42610404856377	2.23398337141164	1.48768021646376	1.44827146900776	1.14777976965581	1.74383707492772	1.48768021646376	
1.58127599167174	0.963051265955843	3.0763453482835	0.940883845511847	3.18964549721948	1.03201657400383	2.53201202404759	1.01231220027584	3.21673901109548	1.11576016234782	3.20688682423148	1.2142820309878	2.06895924143966	1.03447962071983	2.07142228815566	1.09112969518782	3.0837344884315	1.30787780619579	2.91624731174352	1.39654748797177	2.49260327659159	1.25861687187579	1.8103393362597	1.12561234921182	1.80295019611171	1.18965156382781	2.66747959342756	1.47290193616776	2.32265305318762	1.54433029093175	1.58127599167174	1.2290603112838	1.8349698034197	1.56403466465975	
1.55664552451175	1.30541475947979	3.12314323588749	1.39408444125577	3.19703463736748	1.47536498288376	2.51230765031959	1.39162139453977	3.23151729139147	1.55910857122775	3.22166510452747	1.65516739315173	2.06649619472366	1.41625186169977	2.05910705457566	1.46551279601976	3.11821714245549	1.71428051433572	2.92609949860752	1.80541324282771	2.49506632330759	1.65270434643573	1.8325067567037	1.48275412303176	1.8128023829757	1.54679333764775	2.67979482700756	1.87437855087569	2.29555953931163	1.92856557862769	1.54679333764775	1.57634989823974	1.79309800924771	1.91625034504769	
1.71428051433572	1.2339864047158	3.27831517899547	1.2536907784438	3.34481744032745	1.33004522663978	2.64038607955157	1.28817343246779	3.37930009435145	1.41625186169977	3.35713267390745	1.50492154347575	2.17733329694364	1.32265608649178	2.16501806336365	1.38176920767577	3.25122166511947	1.58373903838774	3.0738823015675	1.68472395374373	2.62807084597157	1.55418247779575	1.95565909250368	1.40886272155177	1.94334385892368	1.48521716974776	2.83742981683154	1.76846754208771	2.4655097627156	1.8472850369997	1.69211309389172	1.52216287048775	1.98767869981168	1.8596002705797	
1.60590645883174	1.19211461054381	3.0911236285795	1.1995037506918	3.22166510452747	1.30295171276379	2.53201202404759	1.2413755448638	3.24875861840347	1.38669530110777	3.23890643153947	1.47536498288376	2.06895924143966	1.2561538251598	2.06895924143966	1.31034085291179	3.12314323588749	1.55418247779575	2.92363645189152	1.64531520628773	2.51230765031959	1.49753240332776	1.8546741771477	1.36206483394778	1.8374328501357	1.43349318871177	2.69949920073556	1.70442832747172	2.31280086632362	1.78324582238371	1.58866513181974	1.45812365587176	1.87437855087569	1.79556105596371	
1.51723677705575	1.31772999305979	3.0935866752955	1.32265608649178	3.16008893662748	1.40147358140377	2.4556575758516	1.36945397409578	3.21673901109548	1.49506935661176	3.21920205781147	1.57881294495574	1.99999393339167	1.39162139453977	1.99753088667567	1.44580842229176	3.11082800230749	1.66994567344773	2.88669075115153	1.76600449537171	2.4236379685436	1.61822169241174	1.77339363551971	1.48521716974776	1.75368926179171	1.54925638436375	2.62807084597157	1.8398958968517	2.26846602543563	1.92856557862769	1.53694115078375	1.58373903838774	1.8201915231237	1.93841776549168	
1.52462591720375	1.02709046178028	3.21673901109548	1.01970134042383	3.29063041257546	1.08866664847182	2.51969679046759	1.05911008787983	3.33989134689546	1.18226242367981	3.33250220674746	1.28571038575179	2.04679182099567	1.09605578861982	2.03940268084767	1.17241023681581	3.23644338482347	1.37930616095978	2.99013871322351	1.49753240332776	2.50245546345559	1.34728655365178	1.79063496253171	1.2167450777038	1.77339363551971	1.28571038575179	2.75122318177155	1.58373903838774	2.35959875392761	1.66748262673173	1.53201505735175	1.32758217992378	1.8226545698397	1.69703918732372	
1.49014326317976	1.04186876086783	3.11821714245549	1.12561234921182	3.17240417020748	1.19211461054381	2.4531945291356	1.12314930249582	3.22166510452747	1.28571038575179	3.21427596437948	1.37438006752778	1.97782651294768	1.14777976965581	1.97043737279968	1.1970407039758	3.10097581544349	1.45073451572376	2.90639512487953	1.53694115078375	2.4359532021236	1.38915834782377	1.75122621507571	1.2339864047158	1.71674356105172	1.29802561933179	2.65762740656357	1.62807387927573	2.28570735244763	1.68472395374373	1.45566060915576	1.32511913320778	1.79063496253171	1.69457614060772	
1.63792606613973	1.16994719009981	3.20196073079948	1.2561538251598	3.29063041257546	1.34482350693578	2.62068170582357	1.27832124560379	3.32018697316746	1.43349318871177	3.30540869287146	1.51477373033975	2.12314626919165	1.26107991859179	2.12560931590765	1.32758217992378	3.20196073079948	1.59359122525174	2.98274957307551	1.68965004717572	2.55171639777558	1.51723677705575	1.87191550415969	1.33989741350378	1.8497480837157	1.41132576826777	2.72905576132755	1.74383707492772	2.36945094079161	1.80295019611171	1.60098036539974	1.42610404856377	1.89408292460369	1.79556105596371	
1.67240872016373	0.884233771043856	3.23398033810747	0.999996966695837	3.30048259943946	1.08127750832382	2.59112514523158	0.999996966695837	3.34974353375945	1.17979937696381	3.33250220674746	1.27832124560379	2.19211157723964	1.00246001341184	2.17733329694364	1.06403618131183	3.21181291766348	1.36699092737978	3.01476918038351	1.45566060915576	2.55910553792358	1.27339515217179	1.91132425161569	1.07388836817582	1.88176769102369	1.14285367622381	2.73398185475955	1.52462591720375	2.36945094079161	1.56403466465975	1.64531520628773	1.16748414338381	1.90886120489969	1.54186724421575	
1.50738459019175	1.2364494514318	3.02954746067951	1.27093210545579	3.10097581544349	1.34482350693578	2.4408792955556	1.29802561933179	3.13299542275149	1.44827146900776	3.11329104902349	1.51477373033975	1.97290041951568	1.30541475947979	1.96797432608368	1.35713874051578	3.02462136724751	1.59359122525174	2.81279934967154	1.68718700045972	2.38422922108761	1.52955201063575	1.71181746761972	1.38915834782377	1.69703918732372	1.44580842229176	2.58127295836758	1.75368926179171	2.22659423126364	1.8128023829757	1.48275412303176	1.47290193616776	1.78324582238371	1.80295019611171	
1.72413270119972	1.04186876086783	3.14284760961549	1.10098188205182	3.18471940378748	1.15763195651981	2.55171639777558	1.11083406891582	3.22659119795947	1.2512277317278	3.20196073079948	1.32758217992378	2.10590494217966	1.13053844264382	2.10836798889566	1.18965156382781	3.11329104902349	1.39654748797177	2.92856254532352	1.48521716974776	2.4679728094316	1.32511913320778	1.89900901803569	1.2142820309878	1.88669378445569	1.27585819888779	2.69457310730356	1.54925638436375	2.34728352034762	1.62314778584374	1.65763043986773	1.30787780619579	1.80295019611171	1.61329559897974	
1.45319756243976	1.02216438713983	3.12068018917149	1.01723829370783	3.19457159065148	1.08866664847182	2.4507314824196	1.05664704116383	3.24136947825547	1.17733633024781	3.23398033810747	1.2487646850118	1.95319604578768	1.08620360175582	1.95319604578768	1.14285367622381	3.12314323588749	1.33743436678778	2.92117340517552	1.44580842229176	2.41378578167961	1.31772999305979	1.71181746761972	1.18965156382781	1.69703918732372	1.25861687187579	2.65762740656357	1.54186724421575	2.30294867945962	1.62314778584374	1.43349318871177	1.28817343246779	1.76600449537171	1.64531520628773	
1.42856709527977	1.16994719009981	3.0788083949995	1.2093559375558	3.13792151618349	1.28571038575179	2.37930312765561	1.2487646850118	3.18225635707148	1.38669530110777	3.18718245050348	1.47536498288376	1.93595471877568	1.26600601202379	1.93102862534369	1.32758217992378	3.10097581544349	1.56896075809174	2.84728200369554	1.69703918732372	2.37191398750761	1.51231068362375	1.69211309389172	1.36699092737978	1.67733481359573	1.43595623542777	2.57880991165158	1.77093058880371	2.20442681081964	1.8374328501357	1.42856709527977	1.45566060915576	1.73152184134772	1.8398958968517	
1.52462591720375	1.08127750832382	3.02462136724751	1.13300148935982	3.13299542275149	1.2167450777038	2.39900750138361	1.16255804995181	3.18225635707148	1.32511913320778	3.15762588991148	1.41625186169977	1.96058518593568	1.17487328353181	1.96058518593568	1.2413755448638	3.0344735541115	1.49999545004376	2.82265153653554	1.59605427196774	2.39161836123561	1.42610404856377	1.73398488806372	1.25861687187579	1.71674356105172	1.33004522663978	2.55417944449158	1.64285215957173	2.21674204439964	1.70196528075572	1.48029107631576	1.34728655365178	1.74876316835971	1.70935442090372	
1.66501958001573	0.903938144771852	3.21920205781147	0.98275563968384	3.29309345929146	1.05172094773183	2.61082951895957	1.00738610684384	3.32511306659946	1.16255804995181	3.30048259943946	1.2389124981478	2.15762892321565	1.00738610684384	2.15023978306765	1.06403618131183	3.19703463736748	1.32265608649178	2.98028652635951	1.41871490841577	2.54925335105958	1.2463016382958	1.92610253191169	1.08127750832382	1.91132425161569	1.14039062950781	2.73644490147555	1.47782802959976	2.38422922108761	1.52955201063575	1.68472395374373	1.16009500323581	1.94334385892368	1.51723677705575	
1.50738459019175	1.11329711563182	3.00984308695151	1.2019667974078	3.11329104902349	1.29802561933179	2.4285640619756	1.2192081244198	3.15516284319549	1.39901053468777	3.14284760961549	1.47782802959976	1.99999393339167	1.2192081244198	1.99014174652768	1.28324733903579	3.02954746067951	1.55910857122775	2.83004067668354	1.64777825300373	2.36452484735961	1.47043888945176	1.71920660776772	1.30295171276379	1.70196528075572	1.37684311424378	2.57880991165158	1.71181746761972	2.20196376410364	1.76846754208771	1.48275412303176	1.38915834782377	1.76600449537171	1.77093058880371	
1.68718700045972	0.938420798795847	3.16994112349148	1.02709048057183	3.28324127242746	1.13300148935982	2.59851428537958	1.05172094773183	3.31033478630346	1.2265972645678	3.29801955272346	1.33004522663978	2.12807236262365	1.04925790101583	2.12314626919165	1.09605578861982	3.19949768408348	1.39901053468777	2.99260175993951	1.46551279601976	2.55910553792358	1.30295171276379	1.90886120489969	1.12314930249582	1.87930464430769	1.17979937696381	2.74383404162355	1.52708896391975	2.40639664153161	1.58373903838774	1.66748262673173	1.2167450777038	1.93102862534369	1.56896075809174	
1.42610404856377	1.14039062950781	3.28816736585946	1.2536907784438	3.35713267390745	1.33250827335578	2.54679030434358	1.2536907784438	3.39900446807945	1.43595623542777	3.38915228121545	1.52462591720375	2.01230916697167	1.2463016382958	2.01230916697167	1.31772999305979	3.23890643153947	1.62068473912774	2.99506480665551	1.72166965448372	2.51969679046759	1.52955201063575	1.76354144865571	1.34482350693578	1.74876316835971	1.42856709527977	2.71920357446356	1.78078277566771	2.32265305318762	1.8497480837157	1.46551279601976	1.44580842229176	1.77831972895171	1.8448219902837	
1.56649771137574	1.33250827335578	2.93595168547152	1.2216711711358	2.99999090008751	1.26846905873979	2.30787477289162	1.30295171276379	3.0344735541115	1.34236046021978	3.02462136724751	1.40639967483577	1.91378729833169	1.37438006752778	1.90886120489969	1.41625186169977	2.92609949860752	1.49506935661176	2.79802106937554	1.58866513181974	2.4211749218276	1.52462591720375	1.8226545698397	1.47782802959976	1.8251176165557	1.52708896391975	2.59112514523158	1.67733481359573	2.23152032469564	1.78324582238371	1.55664552451175	1.58866513181974	1.8128023829757	1.8423589435677	
1.60344341211574	1.16748414338381	3.25368471183547	1.04433180758383	3.34728048704345	1.11822320906382	2.59358819194758	1.13053844264382	3.38668923449945	1.1970407039758	3.38422618778345	1.29309952589979	2.09358970859966	1.2068928908398	2.09851580203166	1.26107991859179	3.28324127242746	1.39901053468777	3.10097581544349	1.52462591720375	2.57142077150358	1.41378881498377	1.89161987788769	1.33004522663978	1.87437855087569	1.40147358140377	2.83250372339954	1.63546301942373	2.4556575758516	1.74137402821172	1.62807387927573	1.44827146900776	1.95319604578768	1.80541324282771	
1.54925638436375	1.11083406891582	2.98274957307551	1.2290603112838	3.0369366008275	1.31772999305979	2.36452484735961	1.2216711711358	3.0714192548515	1.40639967483577	3.0640301147035	1.49014326317976	1.93595471877568	1.2093559375558	1.93102862534369	1.26107991859179	2.95565605919952	1.57142380480774	2.74137099490755	1.65270434643573	2.30787477289162	1.46551279601976	1.71428051433572	1.28078429231979	1.68965004717572	1.34728655365178	2.51723374375159	1.70689137418772	2.19211157723964	1.74383707492772	1.49260630989576	1.37191702081178	1.72905879463172	1.72905879463172	
1.55078988310182	1.14268728228555	3.1890303235214	1.13685724513103	3.24733069506659	1.20098765383073	2.53315114363812	1.18932757952169	3.29105597372547	1.2884382111485	3.28231091799369	1.37880378704353	2.092983338472	1.21556274671703	2.07257820843119	1.27677813683947	3.18028526778963	1.49248951155664	2.96748891164972	1.609090254647	2.51566103217456	1.46333932578404	1.82771664794143	1.32633345265287	1.80148148074609	1.39629389850709	2.72262735115996	1.68779575623299	2.34658995469354	1.77524631355076	1.53621479021552	1.4312741214342	1.8364617036732	1.79856646216884	
1.48957449297938	1.07564185500859	3.21526549071674	1.19807263525347	3.29397099230273	1.28552319257124	2.52149106932908	1.18641256094443	3.32603619665258	1.37005873131176	3.31437612234354	1.47791441867034	2.00553278115423	1.18058252378992	1.99678772542245	1.23596787675784	3.21235047213948	1.54787486452456	2.97331894880423	1.62658036611055	2.4777657906702	1.44293419574323	1.76650125781899	1.25345798822139	1.75484118350995	1.32633345265287	2.68181709107833	1.68488073765573	2.31160973176643	1.74318110920091	1.49540453013389	1.3525686198482	1.7723312949735	1.71694594200558	
1.61783531037877	1.18058252378992	3.22401054644851	1.17183746805814	3.29688601087999	1.24762795106687	2.58270645945152	1.2243078024488	3.3318662338071	1.34673858269368	3.35227136384791	1.44001917716597	2.092983338472	1.26220304395317	2.08715330131748	1.31175835976657	3.22109552787125	1.52163969732923	3.00246913457682	1.62949538468781	2.54189619936989	1.4808294372476	1.86561188944579	1.37588876846627	1.86852690802305	1.43418914001145	2.75760757408706	1.70528586769655	2.41072036339324	1.78982140643706	1.61492029180152	1.48665947440212	1.94140237245453	1.83354668509594	
1.78105410489842	1.3129387535694	3.09122298766196	1.37941666728256	3.1300017706613	1.43204501563881	2.39597480674516	1.38218658035394	3.15770090137512	1.5096025816375	3.15216107523236	1.56500084306513	2.09128436889317	1.39049631956809	2.10513393425008	1.4486644940671	3.08014333537643	1.64255840906382	2.9194883772363	1.72565580120527	2.53724037338562	1.60100971299309	1.99433741139481	1.49021319013783	1.98879758525205	1.5400716254227	2.72559446223958	1.79490362798981	2.35719602374581	1.84476206327468	1.72011601732803	1.55392119077961	1.98136202852002	1.86252801838913	
1.59098214929489	1.18926593541834	3.35628487358968	1.14503703699369	3.43485189330794	1.22366618974862	2.53869682464647	1.21383754565425	3.48641149999805	1.32195263069228	3.47904584189947	1.42515339368313	2.09184689999883	1.25560928305531	2.09184689999883	1.33423843581024	3.37101618978685	1.52835415667398	3.17214342112499	1.63155491966482	2.57306989577321	1.4914967413201	1.9347128605623	1.38338165628207	1.91752632499893	1.45218216494264	2.86278578098432	1.73721284367926	2.42330151443527	1.85269941178807	1.60325824612587	1.48903958029651	1.9347128605623	1.87727102202398	
1.56888517499912	1.09835097754545	3.19915083415314	1.15978000313524	3.25562087957565	1.24086631691376	2.43803283063244	1.17206580825319	3.29981482816717	1.33423843581024	3.27280741513902	1.42023907163595	2.0501081707735	1.19172309644193	2.03292163521013	1.26298076612608	3.1647777630264	1.49641106336729	2.96590499436454	1.59469750431095	2.48468199859016	1.4325248767539	1.86596671830882	1.29983818147996	1.86105627957643	1.36126720706975	2.70810696091398	1.6684123350187	2.29563010739308	1.73967000470285	1.54187776197097	1.37355301218771	1.90525022816795	1.75932729289159	
1.48786293591466	1.12537974880495	3.33664311866011	1.28263805431482	3.38329228661783	1.35389572399897	2.47486112112538	1.24086631691376	3.42257579647696	1.462010809037	3.4029340415474	1.54309712281553	2.02310075774535	1.23595199486658	2.03292163521013	1.30475250352714	3.28999395070239	1.61926911454687	3.05429289154759	1.70772691139616	2.49204765668875	1.50132538541447	1.82668320844968	1.32932411376306	1.79967579542153	1.39566746140003	2.78667398063225	1.77161309800954	2.35455537218178	1.82567064052856	1.48295249718227	1.38583881730566	1.86351149894262	1.8133848354106	
1.47313161971749	1.07869368935671	3.2261582471813	1.0246361468377	3.29981482816717	1.09589381652185	2.4036597595057	1.10817962163981	3.35137443485728	1.18926593541834	3.3390983380263	1.27526657124404	1.98136202852002	1.14749419801728	1.9911829059848	1.21629470667784	3.20897171161793	1.3760101732113	3.01255416232226	1.49395390234369	2.45767458556201	1.35881004604616	1.77512360175957	1.26543792714967	1.76284750492859	1.32686695273946	2.74248003204072	1.59224034328736	2.35455537218178	1.68561246218384	1.48295249718227	1.37355301218771	1.84141452464686	1.73475568265567	
1.57134039436532	1.17698013030038	3.42994145457555	1.26052360510249	3.51096369366001	1.35143856297538	2.52887594718169	1.27280941022045	3.54042632605436	1.44235352084827	3.52569500985719	1.53818280076834	2.1114886549284	1.27526657124404	2.09675733873122	1.35389572399897	3.40538926091359	1.62909775864123	3.15250166619542	1.73721284367926	2.58780121197039	1.54063996179193	1.92243676373132	1.39812462242362	1.89297413133697	1.462010809037	2.83086792922377	1.81584199643419	2.4061149788719	1.87972818304758	1.57379561373152	1.47429661415496	1.90033978943556	1.88709966611835	
1.60397671570304	1.12996099683891	3.32418362819615	0.987626578213959	3.41135627578871	1.05734139549965	2.52800678018414	1.10672272441035	3.46365986434424	1.16191362142819	3.46365986434424	1.24615235898173	2.14444713077689	1.16191362142819	2.14735288569664	1.23453322276745	3.36195844215293	1.34491501680313	3.14983833301104	1.48143986732094	2.58031036873967	1.36524850517812	1.99334787494979	1.31005760816028	1.98172485527078	1.36815328923169	2.90575491975188	1.58891687730305	2.53672404494339	1.70510823944586	1.67662058869684	1.42334418624953	2.03693419874607	1.77191827267799	
1.37732783196239	1.21129495033889	3.01617360670245	1.26939063141029	3.07138295017774	1.33910544869599	2.23743128820895	1.26939063141029	3.11496927397402	1.43496332246381	3.0859117247765	1.5046781397495	1.86840041340046	1.29262890383886	1.86549465848071	1.35653415301741	2.95224699846791	1.59182166135662	2.79243047788156	1.68477475107087	2.26067732756696	1.51920206001735	1.69405511821535	1.40591548192811	1.68824360837584	1.45820159489237	2.51928951542488	1.7602991364637	2.14154137585714	1.83291873780297	1.3947623614809	1.48434465137451	1.71148964773386	1.85615701023153	
1.68243209853634	0.958578737678254	3.15564984285054	1.11253229251749	3.19633041172707	1.16481840548176	2.41177658339406	1.06024617955322	3.21376494124558	1.24324757492816	3.20795343140608	1.32167674437456	2.06889750286334	1.05443661144608	2.05436872826458	1.11253229251749	3.09753474445551	1.38558199355311	2.92318944927039	1.46691594705309	2.54544130970265	1.32458152842813	1.94395004131401	1.16481840548176	1.91198673719674	1.20839016628531	2.68201179093099	1.51629727596378	2.27230034724597	1.55986903676734	1.58363643126478	1.19677103007103	1.86549465848071	1.53953554839235	
1.60688262643583	1.24807025465087	3.27188035690189	1.2712901663653	3.34161848173816	1.35255985736582	2.48151494209078	1.30031505600835	3.39101632016386	1.45414697111648	3.35905301294723	1.535416662117	2.02821713065499	1.33224243461569	2.02821713065499	1.39029221390178	3.24282280488677	1.62249133104613	3.01326814396737	1.72698093376108	2.51057249410589	1.54122164004561	1.87130634977337	1.42512208147343	1.87130634977337	1.49478181661674	2.76046744143587	1.79373817994008	2.35075595802276	1.86630040404769	1.58654234002525	1.50929426143826	1.89745814658698	1.88371533783352	
1.4209142935391	1.18711798640048	3.07428900319911	1.27999763325822	3.12949835202783	1.34965736840152	2.32460416120916	1.28870510015113	3.15855590404294	1.45124448215217	3.1469328832369	1.55283159590282	1.87421210497488	1.28870510015113	1.88292937057942	1.34094990150861	3.03651418557946	1.6050763972603	2.83311132147366	1.69505355515374	2.35075595802276	1.535416662117	1.74926463130989	1.38158474700887	1.7260185896978	1.44834199318787	2.57449910853914	1.77342075718995	2.16478762512603	1.82856804751174	1.42672580394212	1.45995194904508	1.74054736570536	1.83727551440465	
1.56910780881618	1.0042611816493	3.27188035690189	1.12906820711439	3.32999546093212	1.21324038707922	2.49604371809833	1.11165327332856	3.36195876814874	1.29160758911543	3.34161848173816	1.37577976908026	2.06018043787162	1.11165327332856	2.06308619307313	1.18421549743617	3.19051921125957	1.47736688283091	2.9696818159447	1.55283159590282	2.51057249410589	1.38738972493748	1.88874088098244	1.22485034293643	1.87130634977337	1.27419265532961	2.7168811134132	1.62539382001043	2.33913293721671	1.69795604411804	1.58654234002525	1.28290012222252	1.85968332896733	1.69795604411804	
1.52842723599502	1.14648314090022	3.31256092972305	1.10294580643565	3.39101632016386	1.19292296432909	2.51638400450891	1.17841051950756	3.43460264818653	1.27709514429391	3.42297962738048	1.35546234633013	2.07470921387917	1.21614287604352	2.08633223468522	1.28290012222252	3.32999546093212	1.44834199318787	3.12949835202783	1.56444155176004	2.56868759813612	1.43673203733065	1.89455239138546	1.33224243461569	1.88874088098244	1.39029221390178	2.82439405586913	1.66312617654639	2.42049408285904	1.75310333443982	1.60978838163734	1.43963452629495	1.94104447460965	1.79664066890439	
1.47612364236782	1.2712901663653	3.22829402887922	1.36997479115165	3.27188035690189	1.43963452629495	2.37690775483636	1.34675487943722	3.30674941932003	1.535416662117	3.2747861121034	1.62829630897474	1.96719627142325	1.37287728011595	1.97010202662476	1.44543950422356	3.15855590404294	1.70666351101095	2.93190699832505	1.802445646833	2.37690775483636	1.61088137518891	1.65337470966001	1.45704946008078	1.65337470966001	1.50639177247395	2.67038903018902	1.87791035990491	2.24905452596986	1.95918005090543	1.4470660903527	1.56444155176004	1.76088765211594	1.95047258401252	
1.56039054321165	1.14067816297161	3.25154007049131	1.268387677401	3.32708970573061	1.36416981322304	2.44083436926962	1.25387523257948	3.35324150254421	1.46285443800939	3.32999546093212	1.56153906279574	2.04565166186406	1.25677772154378	2.05146317226708	1.33514492358	3.22538827367771	1.63700377586765	2.98130483675074	1.74149337858261	2.46408041088171	1.52380670625978	1.83643728735523	1.36997479115165	1.81609700094465	1.42512208147343	2.71106960301018	1.79664066890439	2.36528473403032	1.85178795922617	1.55457903280862	1.44253701525926	1.86258908416884	1.84017800336895	
1.62431697678314	1.19691119777683	3.36486414868493	1.35959815669795	3.42297924624425	1.44965700895785	2.53091249870861	1.31892641696767	3.44622528526798	1.55424148255	3.42297924624425	1.62396446494477	2.1095780414035	1.31021104416832	2.10376653164757	1.37121865376374	3.29512603161374	1.70530794440533	3.09753469991203	1.78955654813234	2.58612184138997	1.59491322228028	1.90908095482383	1.41189039349402	1.89164642555603	1.47289800308944	2.77209015357981	1.85637440626066	2.38853050968826	1.90866664305673	1.59098212641609	1.49167142776486	1.93471283274055	1.89469303263048	
1.49936947706309	1.0896580501912	3.13530942975015	1.10999833379477	3.20795329976289	1.19426522300956	2.38271893641809	1.1477731462014	3.23701084776799	1.27853211222434	3.22829358336646	1.38023353024219	1.95847873554365	1.17973644900701	1.94976147114212	1.22913428061567	3.1207806557476	1.45868890985595	2.87669725250477	1.55457881827278	2.41177648442319	1.40638532344678	1.79285071191459	1.28724937662587	1.77541618311153	1.34536447263607	2.65585988766602	1.62722268828553	2.24324270599362	1.70567806789929	1.45868890985595	1.37732777544168	1.79285071191459	1.7376413707049	
1.57201334707584	1.05188323778457	3.33290075618482	1.19135946820905	3.39101585219501	1.2669090930223	2.48442035443594	1.16230192020395	3.42588490980113	1.36861051104015	3.39973311659654	1.44706589065391	2.05146288915997	1.16811342980497	2.0601801535615	1.23494579021669	3.30674896298023	1.52842702506819	3.08881735294199	1.61269391428298	2.49313761883747	1.41800834264882	1.90617514913447	1.27562635742383	1.90036363953345	1.32211843423199	2.82148791129508	1.69986655829827	2.42921101322625	1.76669891871	1.58073061147737	1.34827022743658	1.86549458192733	1.74054712550541	
1.57491910187635	1.04607172818355	3.37939283299298	1.24656880941873	3.43750792900317	1.33664720823454	2.501854883239	1.18845371340854	3.46947123180878	1.44997164545442	3.42297915500062	1.5313327798687	2.0601801535615	1.18554795860803	2.05436864396048	1.25819182862077	3.33290075618482	1.60397664988145	3.12659216534862	1.69405504869725	2.48732610923645	1.45578315505544	1.914892413536	1.31049541502995	1.90326939433396	1.37151626584066	2.80695913729253	1.76960467351051	2.40015346522115	1.82771976952071	1.55457881827278	1.38604503984321	1.89164637513192	1.8248140147202	
1.5603903278738	0.906595497759079	3.13821518455066	1.04607172818355	3.21376480936391	1.13615012699936	2.42630525842574	1.03444870898151	3.24863386697003	1.23494579021669	3.22538782856595	1.32211843423199	2.03983986995793	1.031542954181	2.0311226055564	1.10128106939324	3.13240367494964	1.40638532344678	2.92318932931293	1.49936947706309	2.48151459963543	1.30758966022944	1.88002335592988	1.13615012699936	1.83062552432122	1.19426522300956	2.66457715206755	1.55457881827278	2.2955462924028	1.61269391428298	1.51680400586615	1.19717097781007	1.87130609152835	1.59235363067941	
1.53423853466921	1.1477731462014	3.09462886254301	1.21751126141363	3.16146122295474	1.29306088622689	2.33913261441044	1.22913428061567	3.19923603536136	1.39476230424474	3.18761301615932	1.46740617425748	1.98463052874824	1.24075729981771	1.98172477394773	1.30468390542893	3.08591159814148	1.55457881827278	2.87088574290375	1.66209174589164	2.36819016241554	1.47612343865901	1.81609675031867	1.34827022743658	1.80737948591714	1.40638532344678	2.6209908300599	1.72601835150286	2.22580817719056	1.77541618311153	1.5313327798687	1.42091409744933	1.7957564667151	1.78122769271255	
1.61269391428298	1.24947456421924	3.26316264097258	1.26400333822179	3.33290075618482	1.34536447263607	2.44083403242829	1.27853211222434	3.36486405899043	1.44125438105289	3.34452377538686	1.51970976066666	2.01368807675334	1.31340116983046	2.02240534115487	1.38023353024219	3.23410509296748	1.60107089508094	3.03651376653281	1.68243202949521	2.49313761883747	1.54295579907074	1.90036363953345	1.44125438105289	1.89745788473294	1.49646372226258	2.78080734408794	1.77832193791204	2.39724771042064	1.86840033672784	1.56910759227533	1.51970976066666	1.94685571634161	1.90036363953345	
1.58073061147737	1.08384654059018	3.40845038099807	1.25238031901975	3.47818849621031	1.33374145343403	2.55125271484766	1.21751126141363	3.51596330861694	1.43834862625238	3.48109425101082	1.52261551546717	2.09504921116761	1.21169975181261	2.09504921116761	1.28434362182536	3.35033528498788	1.60978815948247	3.14693244895219	1.70277231309878	2.57159299845123	1.49065221266156	1.89745788473294	1.32211843423199	1.88292911073039	1.3831392850427	2.86216847850222	1.77541618311153	2.41758799402421	1.83062552432122	1.55457881827278	1.38604503984321	1.93523269713957	1.81028524071765	
1.51099249626513	1.08094078578967	3.34161802058635	1.10999833379477	3.41135613579858	1.18845371340854	2.46117431603186	1.15939616540344	3.4462251934047	1.30177815062842	3.43169641940215	1.40638532344678	2.0311226055564	1.1768306942065	2.02531109595538	1.26400333822179	3.31546622738176	1.5022752318636	3.09462886254301	1.62141117868451	2.501854883239	1.43834862625238	1.86549458192733	1.32211843423199	1.84806005312428	1.39185654944423	2.83020517569661	1.71439533230082	2.39434195562013	1.81028524071765	1.5022752318636	1.40638532344678	1.88874062033141	1.82771976952071	
1.58363636627788	0.973427858170806	3.39101585219501	1.11580984339579	3.46365972220776	1.19426522300956	2.50766639284002	1.10128106939324	3.49271727021286	1.29887239582791	3.45203670300572	1.40347956864627	2.09504921116761	1.09837531459273	2.07761468236456	1.16520767500446	3.3561467945889	1.46450041945697	3.16436697775525	1.55457881827278	2.5338181860446	1.38023353024219	1.90036363953345	1.22041701621414	1.88874062033141	1.28724937662587	2.84182819489865	1.63593995268706	2.4146822392237	1.71439533230082	1.58363636627788	1.29015513142638	1.93232694233906	1.71148957750031	
1.52552127026768	0.985050877372845	3.4171676453996	1.08675229539069	3.47818849621031	1.16520767500446	2.48732610923645	1.07222352138814	3.49271727021286	1.26981484782281	3.47237698660929	1.34536447263607	2.06599166316252	1.0896580501912	2.05727439876099	1.1477731462014	3.36776981379094	1.42963136185085	3.13821518455066	1.5313327798687	2.51638365724154	1.33374145343403	1.88874062033141	1.19717097781007	1.86258882712683	1.2669090930223	2.86507423330273	1.60688240468196	2.39724771042064	1.6795262746947	1.54876730867176	1.28434362182536	1.92070392313702	1.69986655829827	
1.55457881827278	1.0896580501912	3.36486405899043	1.18264220380752	3.42588490980113	1.26109758342128	2.501854883239	1.16811342980497	3.4462251934047	1.35989324663862	3.42297915500062	1.4441601358534	2.08633194676608	1.1768306942065	2.07180317276354	1.25238031901975	3.32127773698278	1.52552127026768	3.1207806557476	1.62431693348502	2.55125271484766	1.45578315505544	1.90036363953345	1.30177815062842	1.88874062033141	1.36570475623964	2.83601668529763	1.7085838226998	2.44955129682982	1.78994495711408	1.56620183747482	1.41800834264882	1.93813845194008	1.81028524071765	
1.58654212107839	1.23494579021669	3.34452377538686	1.33374145343403	3.42297915500062	1.41800834264882	2.49604337363798	1.34245871783556	3.45494245780623	1.51970976066666	3.44331943860419	1.60688240468196	2.09795496596812	1.36570475623964	2.08633194676608	1.42672560705034	3.31546622738176	1.71730108710133	3.10915763654556	1.81028524071765	2.55706422444868	1.63593995268706	1.914892413536	1.47902919345952	1.89455212993243	1.5313327798687	2.81567640169406	1.88292911073039	2.37690742681707	1.94685571634161	1.58073061147737	1.55457881827278	1.91198665873549	1.94976147114212	