67 min 22 har
1.916666667	1.325	1.525	1.325	2.147222222	1.008333333	1.872222222	0.997222222	1.147222222	1.275	0.955555556	1.219444444	1.788888889	0.95	1.269444444	1.086111111	0.769444444	1.138888889	0.680555556	1.066666667	0.658333333	0.991666667	0.680555556	0.902777778	1.386111111	0.836111111	1.747222222	0.85	2.113888889	0.744444444	2.988888889	0.911111111
1.944126494	1.472061296	1.516753859	1.466474726	2.206695302	1.150833499	1.885467505	1.136867073	1.139660358	1.393849311	0.935750539	1.332397037	1.81842866	1.081001369	1.326810466	1.203905918	0.743013861	1.248598481	0.645248879	1.170386495	0.634075739	1.08658794	0.662008591	1.005582669	1.399435881	0.952510251	1.756976386	0.974856532	2.153622883	0.888264691	3.148032411	1.058655088
1.660086162	1.401663274	1.230317663	1.393236441	1.955025328	1.064589942	1.631996718	1.047736275	0.82302072	1.331439663	0.609540943	1.275260774	1.581435718	1.002793164	0.994366331	1.143240386	0.42415061	1.202228219	0.320219666	1.129195664	0.300557055	1.053354164	0.345500166	0.943805331	1.115150941	0.884817498	1.525256829	0.907289053	1.896037495	0.817402831	2.86793227	0.983130553
1.835195531	1.567039106	1.466480447	1.569832402	2.148044693	1.248603352	1.851955307	1.231843575	1.053072626	1.51396648	0.840782123	1.44972067	1.754189944	1.17877095	1.195530726	1.315642458	0.664804469	1.37150838	0.575418994	1.287709497	0.555865922	1.203910615	0.592178771	1.11452514	1.357541899	1.058659218	1.712290503	1.086592179	2.103351955	0.994413408	3.047486034	1.164804469
1.779329609	1.337988827	1.343575419	1.332402235	2.089385475	1.002793296	1.768156425	0.974860335	0.941340782	1.251396648	0.689944134	1.181564246	1.69273743	0.938547486	1.108938547	1.047486034	0.505586592	1.083798883	0.421787709	1.011173184	0.407821229	0.941340782	0.43575419	0.843575419	1.248603352	0.790502793	1.634078212	0.829608939	2.047486034	0.740223464	3.036312849	0.958100559
1.467960879	1.228407491	1.06127722	1.2339785	1.752082339	0.935929517	1.451247852	0.927573003	0.71587466	1.155984373	0.501390812	1.094703274	1.389966752	0.874648417	0.849578877	0.986068598	0.376043109	1.027851166	0.278550451	0.949857039	0.272979442	0.863506399	0.298048983	0.799439795	0.952642544	0.749300714	1.350969689	0.77158475	1.729798303	0.690805119	2.618374243	0.871862913
1.74859653	1.843568227	1.340776892	1.835188371	2.019545194	1.519547145	1.726250249	1.499994148	0.952510251	1.762562956	0.754187002	1.706697252	1.650831549	1.449715015	1.09776108	1.578206134	0.550277183	1.620105411	0.466478627	1.561446422	0.44133906	1.474854581	0.477651768	1.391056026	1.192732777	1.326810466	1.614518841	1.357536603	2.011165338	1.273738048	2.874290463	1.4525083
1.740216675	1.38826274	1.354743318	1.385469455	2.053064616	1.075414799	1.726250249	1.053068517	0.977649817	1.318430611	0.72625415	1.265358192	1.675971115	1.008375954	1.114520792	1.128487218	0.564243609	1.192732777	0.477651768	1.128487218	0.458098772	1.036308806	0.472065197	0.949716965	1.262564907	0.874298265	1.639658408	0.913404258	2.016751909	0.815639276	2.946915878	0.991616243
1.602234611	1.582626844	1.179267082	1.585427954	1.820721148	1.268902585	1.537809093	1.263300366	0.792713977	1.532206874	0.554619673	1.478985794	1.476184685	1.210079286	0.910360574	1.330526993	0.378149777	1.414560277	0.249298742	1.333328103	0.254900961	1.252095928	0.285713165	1.176465973	0.98318942	1.08963158	1.442571371	1.100836017	1.775903397	1.011200515	2.669457314	1.182068192
1.603326936	1.181545808	1.187132313	1.189925565	1.893825196	0.868701528	1.622879703	0.846355508	0.790490458	1.131267263	0.572616763	1.075402213	1.530702371	0.807249973	0.97205187	0.944119345	0.410608118	1.01674391	0.307257775	0.952499103	0.298878018	0.879874538	0.32401729	0.796076963	1.086575223	0.684346863	1.499976593	0.706692883	1.857512913	0.61451555	2.782079491	0.787697205
1.527927	1.329603751	1.081001369	1.335190322	1.82401523	0.980443102	1.52234043	0.963683391	0.709494439	1.268151477	0.43575249	1.198319347	1.438541874	0.907817687	0.879884836	1.036308806	0.226256101	1.108934221	0.131284404	1.027928951	0.100558267	0.935750539	0.136870974	0.851951984	1.013962525	0.754187002	1.38826274	0.784913139	1.773736097	0.689941442	2.807251618	0.882678121
1.742296919	1.649859944	1.352941176	1.630252101	2.028011204	1.350140056	1.725490196	1.333333333	0.988795518	1.56302521	0.784313725	1.507002801	1.655462185	1.271708683	1.112044818	1.389355742	0.610644258	1.422969188	0.504201681	1.347338936	0.507002801	1.282913165	0.535014006	1.201680672	1.212885154	1.148459384	1.596638655	1.18487395	1.977591036	1.098039216	2.882352941	1.288515406
1.702751501	1.56108702	1.338868228	1.552753816	1.947192173	1.291646734	1.658307742	1.269424855	0.986095894	1.491643648	0.78054351	1.427755745	1.597197574	1.224981096	1.10276076	1.327757288	0.63332356	1.347201432	0.549991513	1.288868999	0.536102838	1.219425626	0.549991513	1.144426784	1.219425626	1.10276076	1.549976081	1.133315844	1.891637475	1.058317001	2.769401707	1.241647506
1.649853471	1.212880396	1.263300366	1.215681505	1.879544447	0.938371669	1.627444596	0.924366121	0.92996834	1.151255988	0.72548735	1.08963158	1.557416859	0.876747261	1.039211609	0.98318942	0.579829658	1.014001624	0.476188608	0.93276945	0.46498417	0.865542823	0.495796374	0.77870843	1.179267082	0.753498444	1.521002436	0.792713977	1.8655389	0.719885131	2.717076175	0.893553917
1.67132194	1.370764885	1.241553441	1.382000663	1.960643217	1.067398886	1.648850384	1.053354164	0.837065442	1.317394941	0.626394609	1.266833941	1.567390996	1.002793164	1.002793164	1.132004608	0.455048999	1.199419275	0.362353832	1.129195664	0.339882277	1.053354164	0.379207499	0.952232164	1.103915164	0.884817498	1.499976329	0.901671164	1.966261106	0.806167053	2.898830659	0.985939497
1.765356241	1.226252199	1.343570177	1.226252199	2.083790753	0.902231117	1.773736097	0.882678121	0.960890106	1.139660358	0.717874294	1.069828229	1.681557686	0.835192272	1.131280503	0.944130395	0.539104042	0.974856532	0.449718916	0.902231117	0.427372634	0.812845991	0.469271912	0.73184072	1.23742534	0.687148157	1.662004689	0.717874294	2.036304905	0.645248879	3.008368152	0.863125124
1.455033218	1.320203885	1.07020783	1.314585996	1.651659329	1.036500497	1.379191719	1.014028942	0.749988165	1.249980274	0.536508387	1.199419275	1.325821774	0.97470372	0.831447553	1.09548833	0.367971721	1.129195664	0.283703388	1.07020783	0.266849722	0.985939497	0.303365999	0.896053275	0.92414272	0.856728053	1.283687608	0.887626442	1.598289385	0.808975998	2.457826382	0.966276886
1.472067039	1.332402235	1.083798883	1.32122905	1.729050279	1.030726257	1.466480447	1.025139665	0.731843575	1.248603352	0.511173184	1.198324022	1.377094972	0.974860335	0.80726257	1.086592179	0.332402235	1.117318436	0.251396648	1.044692737	0.248603352	0.972067039	0.279329609	0.899441341	0.94972067	0.843575419	1.326815642	0.874301676	1.706703911	0.796089385	2.594972067	0.991620112
1.801668949	1.405022452	1.427368733	1.402229166	2.030718335	1.09776108	1.754183101	1.078208084	1.067034943	1.349156748	0.824019132	1.270944762	1.681557686	1.041895377	1.164799925	1.15642007	0.684354872	1.209492488	0.589383176	1.128487218	0.583796605	1.039102091	0.589383176	0.988822958	1.265358192	0.913404258	1.642451693	0.938543825	2.008372053	0.851951984	2.857530752	1.02234238
1.527927	1.365916459	1.159213355	1.3770896	1.782115953	1.075414799	1.463681441	1.069828229	0.815639276	1.310050755	0.597763031	1.265358192	1.410609022	1.019549095	0.891057976	1.142453644	0.402233068	1.187146207	0.301674801	1.117314077	0.282121804	1.044688662	0.307261371	0.972063247	0.972063247	0.905024402	1.365916459	0.927370684	1.762562956	0.829605702	2.639654507	0.991616243
1.533495623	1.35193421	1.12847401	1.360313968	1.756955823	1.053056193	1.455284553	1.041883183	0.7821107	1.310035423	0.578203268	1.256963625	1.399419503	0.988811385	0.885461043	1.120094253	0.407814865	1.170372798	0.31284428	1.10612799	0.298878018	1.041883183	0.310051028	0.94970585	0.98322488	0.87149478	1.343554453	0.896634053	1.687124511	0.798870215	2.603311331	0.98322488
1.440105834	1.420607302	1.077990247	1.409465284	1.701943258	1.142056851	1.434534825	1.122558319	0.701947137	1.328685653	0.520889344	1.278546572	1.353755194	1.066848229	0.818938327	1.175482905	0.348188064	1.194981436	0.267408433	1.130914833	0.264622929	1.058491715	0.278550451	0.980497589	0.933144012	0.947071535	1.300830608	0.980497589	1.679659222	0.905288967	2.557093144	1.111416301
1.544686711	1.567032993	1.203905918	1.567032993	1.765356241	1.3016709	1.477647867	1.282117903	0.902231117	1.519547145	0.703907868	1.463681441	1.449715015	1.23742534	0.980443102	1.351950033	0.539104042	1.391056026	0.460892057	1.324017181	0.452512201	1.251391766	0.477651768	1.170386495	1.027928951	1.134073788	1.38826274	1.159213355	1.712283823	1.081001369	2.522336528	1.248598481
1.787681601	1.365900473	1.393832998	1.354727463	1.997175538	1.07260896	1.723436793	1.058642698	1.044676435	1.279309645	0.83797575	1.226237848	1.673158248	1.002777648	1.167579545	1.100541485	0.689933368	1.15082003	0.594962783	1.075402213	0.583789773	0.988811385	0.600549288	0.91618682	1.242997363	0.868701528	1.636845966	0.907807063	1.988795781	0.840769003	2.877050076	1.033503425
1.799442897	1.353760446	1.445682451	1.362116992	2.04735376	1.08356546	1.782729805	1.080779944	1.13091922	1.309192201	0.95821727	1.26183844	1.688022284	1.044568245	1.247910864	1.144846797	0.805013928	1.183844011	0.732590529	1.111420613	0.727019499	1.044568245	0.746518106	0.983286908	1.35097493	0.913649025	1.715877437	0.944289694	1.986072423	0.866295265	2.791086351	1.025069638
1.78551532	1.242339833	1.384401114	1.267409471	1.977715877	0.977715877	1.729805014	0.972144847	1.036211699	1.208913649	0.888579387	1.155988858	1.685236769	0.922005571	1.153203343	1.050139276	0.727019499	1.08356546	0.640668524	1.027855153	0.626740947	0.949860724	0.651810585	0.860724234	1.211699164	0.810584958	1.640668524	0.838440111	1.963788301	0.760445682	2.835654596	0.905292479
1.831395648	1.261191175	1.418488961	1.266808953	2.101048995	0.952213381	1.794880091	0.955022271	1.061760054	1.193777838	0.865137822	1.134791168	1.721848976	0.89884449	1.148835614	1.01400894	0.693795591	1.047715609	0.60952892	0.974684494	0.592675586	0.901653379	0.620764476	0.828622264	1.258382286	0.772444484	1.654435639	0.800533374	2.036444547	0.721884481	2.977422373	0.893226712
1.586978479	1.558890365	1.174083194	1.553272742	1.845389135	1.238685857	1.561699176	1.2246418	0.817364137	1.488670078	0.606703277	1.412832168	1.466199586	1.182509628	0.921290162	1.306097333	0.435365778	1.351038316	0.356719056	1.272391595	0.345483811	1.193744874	0.367954302	1.10948053	1.044877866	1.061730735	1.418449791	1.081392415	1.749889545	0.999936883	2.696459009	1.160039136
1.459383754	1.246498599	1.036414566	1.235294118	1.756302521	0.924369748	1.464985994	0.904761905	0.672268908	1.165266106	0.450980392	1.095238095	1.392156863	0.848739496	0.817927171	0.977591036	0.266106443	1.022408964	0.182072829	0.93837535	0.168067227	0.857142857	0.207282913	0.767507003	0.910364146	0.719887955	1.327731092	0.753501401	1.708683473	0.661064426	2.675070028	0.843137255
1.885467505	1.343570177	1.472061296	1.343570177	2.10893032	1.044688662	1.837981656	1.025135666	1.08658794	1.268151477	0.87150498	1.189939492	1.740216675	0.980443102	1.203905918	1.103347651	0.72066758	1.120107362	0.634075739	1.053068517	0.620109313	0.952510251	0.645248879	0.87709155	1.335190322	0.843572128	1.695524112	0.868711695	2.069824327	0.787706424	2.963675589	0.966476676
1.778683573	1.243677963	1.352919946	1.240876886	2.008371845	0.952366007	1.722662043	0.938360625	0.997183231	1.168048897	0.792704647	1.112027368	1.638629748	0.887941248	1.123231673	0.991581078	0.644247593	1.033597226	0.551812069	0.96637139	0.532204534	0.887941248	0.560215298	0.815113259	1.201661815	0.759091729	1.60501683	0.792704647	1.991565386	0.714274506	2.921522782	0.904747707
1.5	1.379888268	1.061452514	1.402234637	1.701117318	1.089385475	1.405027933	1.081005587	0.67877095	1.349162011	0.446927374	1.293296089	1.351955307	1.025139665	0.782122905	1.162011173	0.268156425	1.209497207	0.153631285	1.136871508	0.142458101	1.081005587	0.159217877	0.980446927	0.918994413	0.896648045	1.282122905	0.921787709	1.67877095	0.812849162	2.634078212	1.025139665
1.520984535	1.305301645	1.106425215	1.302500569	1.76467819	0.997183231	1.459360853	0.980376772	0.747887423	1.218468274	0.53500561	1.154043515	1.394936093	0.91875309	0.831919718	1.044801532	0.383747479	1.061607991	0.299715185	0.985978925	0.291311955	0.890742325	0.32772595	0.817914336	0.955167084	0.795505724	1.375328558	0.829118642	1.722662043	0.742285271	2.590995756	0.932758472
1.586585989	1.368709744	1.153626784	1.346363463	1.829601801	1.047481947	1.53351357	1.030722236	0.784913139	1.273738048	0.558657038	1.203905918	1.449715015	0.974856532	0.857538554	1.108934221	0.391059927	1.108934221	0.310054656	1.030722236	0.310054656	0.944130395	0.332400938	0.87709155	0.983236388	0.868711695	1.402229166	0.885471406	1.782115953	0.790499709	2.745799344	0.969269962
1.946927374	1.298882682	1.502793296	1.287709497	2.220670391	0.963687151	1.921787709	0.944134078	1.067039106	1.217877095	0.829608939	1.153631285	1.835195531	0.896648045	1.240223464	1.016759777	0.62849162	1.06424581	0.539106145	0.980446927	0.527932961	0.905027933	0.56424581	0.818435754	1.377094972	0.75698324	1.790502793	0.779329609	2.226256983	0.706703911	3.175977654	0.891061453
1.82069972	1.392135017	1.442554394	1.392135017	2.078398757	1.089618756	1.817898644	1.07001122	1.053204761	1.313704875	0.829118642	1.252081192	1.745070655	1.016790767	1.193258586	1.131634903	0.697468047	1.17365105	0.602231446	1.092419832	0.588226063	1.016790767	0.605032522	0.921554166	1.277290881	0.882339095	1.66944159	0.915952013	2.041984763	0.837521871	2.960737853	1.025193996
1.901122358	1.759879984	1.474570388	1.754230289	2.186431954	1.446321913	1.867224188	1.432197675	1.081916587	1.683609102	0.855928788	1.615812762	1.810727239	1.378525573	1.206209877	1.497169168	0.692087634	1.545191575	0.587568277	1.480220083	0.57344404	1.398299506	0.59604282	1.324853471	1.353101946	1.245757741	1.774004221	1.265531674	2.127110157	1.183611097	3.096032845	1.375700726
1.949430511	1.27246689	1.547746703	1.275275868	2.19381157	0.988760144	1.912913801	0.963479345	1.233141202	1.207860403	1.039321742	1.146062894	1.862352203	0.918535702	1.334264399	1.025276854	0.887636948	1.081456408	0.803367617	1.00561401	0.789322729	0.918535702	0.81179455	0.856738193	1.452241462	0.789322729	1.856734248	0.817412505	2.15729486	0.73876113	3.019651008	0.943816501
1.955307263	1.854748603	1.5	1.877094972	2.240223464	1.51396648	1.918994413	1.497206704	1.092178771	1.798882682	0.851955307	1.740223464	1.840782123	1.452513966	1.287709497	1.589385475	0.659217877	1.659217877	0.555865922	1.586592179	0.539106145	1.497206704	0.555865922	1.405027933	1.430167598	1.324022346	1.782122905	1.340782123	2.181564246	1.234636872	3.11452514	1.497206704
1.896328785	1.672242666	1.476167312	1.641430825	2.19604397	1.378129634	1.899129862	1.336113487	1.081215526	1.540592071	0.86273156	1.473366235	1.812296491	1.28569411	1.212866121	1.369726405	0.655451899	1.366925328	0.585424987	1.29409734	0.560215298	1.204462892	0.619037905	1.120430597	1.375328558	1.112027368	1.767479267	1.168048897	2.2044472	1.120430597	3.100791677	1.38933394
1.726733161	1.552088045	1.309838368	1.554904902	1.980250264	1.233783237	1.69293088	1.208431527	0.93237957	1.487300341	0.70139732	1.425329493	1.630960033	1.166178676	1.036603268	1.295754085	0.546470201	1.340823792	0.450697073	1.261951804	0.430979076	1.1971641	0.447880216	1.109841542	1.140826966	1.045053838	1.591524039	1.061954978	1.937997413	0.968998707	2.904179264	1.166178676
1.533519553	1.396648045	1.106145251	1.399441341	1.745810056	1.092178771	1.452513966	1.081005587	0.74301676	1.346368715	0.533519553	1.293296089	1.391061453	1.036312849	0.868715084	1.159217877	0.357541899	1.217877095	0.262569832	1.145251397	0.240223464	1.069832402	0.282122905	0.98603352	0.963687151	0.907821229	1.349162011	0.930167598	1.703910615	0.840782123	2.608938547	1.036312849
1.88547486	1.776536313	1.444134078	1.787709497	2.162011173	1.43575419	1.82122905	1.424581006	1.036312849	1.729050279	0.82122905	1.67877095	1.745810056	1.379888268	1.175977654	1.536312849	0.648044693	1.608938547	0.536312849	1.539106145	0.525139665	1.469273743	0.553072626	1.374301676	1.301675978	1.282122905	1.695530726	1.284916201	2.103351955	1.167597765	3.106145251	1.340782123
1.511173184	1.159217877	1.075418994	1.156424581	1.748603352	0.849162011	1.421787709	0.832402235	0.701117318	1.089385475	0.455307263	1.022346369	1.363128492	0.765363128	0.796089385	0.888268156	0.265363128	0.93575419	0.175977654	0.857541899	0.170391061	0.782122905	0.198324022	0.69273743	0.893854749	0.636871508	1.346368715	0.673184358	1.712290503	0.578212291	2.695530726	0.793296089
1.803893261	1.759076037	1.375328558	1.753473884	2.064393375	1.448156547	1.767479267	1.439753317	0.994382155	1.691850201	0.7983068	1.630226519	1.705855584	1.380930711	1.17365105	1.501377	0.613435752	1.543393147	0.526602381	1.464963006	0.529403457	1.392135017	0.557414222	1.316505951	1.257683345	1.249280116	1.672242666	1.282893034	2.019576151	1.198860739	2.985947541	1.394936093
1.536312849	1.259776536	1.136871508	1.245810056	1.779329609	0.955307263	1.494413408	0.924581006	0.796089385	1.201117318	0.555865922	1.142458101	1.405027933	0.88547486	0.874301676	1.011173184	0.374301676	1.058659218	0.276536313	0.98603352	0.287709497	0.913407821	0.304469274	0.835195531	1.01396648	0.768156425	1.363128492	0.793296089	1.754189944	0.701117318	2.673184358	0.840782123
2.050247336	1.533495623	1.634052713	1.522322613	2.304433313	1.242997363	2.022314811	1.21785809	1.237410858	1.444111543	1.058642698	1.382659988	1.958070003	1.164786293	1.371486978	1.276516393	0.891047548	1.298862413	0.801663468	1.226237848	0.7821107	1.142440273	0.812836478	1.058642698	1.491596836	1.030710173	1.952483498	1.07260896	2.273707536	0.99439789	3.240172901	1.209478333
1.768156425	1.681564246	1.329608939	1.673184358	1.988826816	1.38547486	1.695530726	1.351955307	0.941340782	1.597765363	0.729050279	1.530726257	1.622905028	1.301675978	1.086592179	1.407821229	0.561452514	1.446927374	0.483240223	1.363128492	0.483240223	1.279329609	0.511173184	1.201117318	1.231843575	1.170391061	1.561452514	1.206703911	1.955307263	1.12849162	2.896648045	1.329608939
1.688195587	1.50280306	1.249995069	1.491567149	1.971902333	1.179770626	1.671341721	1.157298805	0.918535702	1.421342707	0.651682822	1.351118265	1.615162167	1.109546184	1.064602542	1.221905292	0.480335184	1.27246689	0.365167099	1.182579604	0.35112221	1.11516414	0.373594032	1.019658899	1.174152671	0.977524233	1.573027502	1.008422988	1.980329266	0.918535702	2.898864968	1.120782095
1.904494382	1.81741573	1.483146067	1.811797753	2.162921348	1.505617978	1.845505618	1.47752809	1.06741573	1.730337079	0.842696629	1.66011236	1.792134831	1.426966292	1.18258427	1.54494382	0.671348315	1.584269663	0.56741573	1.494382022	0.556179775	1.424157303	0.58988764	1.331460674	1.323033708	1.292134831	1.721910112	1.31741573	2.115168539	1.22752809	3.117977528	1.443820225
1.818435754	1.354748603	1.391061453	1.354748603	2.025139665	1.047486034	1.729050279	1.030726257	1.005586592	1.287709497	0.815642458	1.231843575	1.670391061	0.983240223	1.122905028	1.11452514	0.667597765	1.159217877	0.555865922	1.078212291	0.547486034	1.008379888	0.567039106	0.921787709	1.209497207	0.857541899	1.600558659	0.879888268	1.972067039	0.796089385	2.888268156	0.963687151
1.764698959	1.442571371	1.355736978	1.436969152	2.005594373	1.117642674	1.689069004	1.106438236	0.980388311	1.358538088	0.773106211	1.302515898	1.633046815	1.044813828	1.084029361	1.187670411	0.588232986	1.224084834	0.498597484	1.151255988	0.487393046	1.081228251	0.507000812	0.988791639	1.196073739	0.921565012	1.593831282	0.941172778	1.952373293	0.843133947	2.915954947	1.039211609
1.639664804	1.703910615	1.206703911	1.687150838	1.891061453	1.38547486	1.600558659	1.351955307	0.829608939	1.597765363	0.622905028	1.530726257	1.55027933	1.298882682	1.01396648	1.418994413	0.452513966	1.444134078	0.37150838	1.368715084	0.37150838	1.296089385	0.399441341	1.212290503	1.148044693	1.162011173	1.502793296	1.187150838	1.88547486	1.111731844	2.80726257	1.329608939
1.913377963	1.312828675	1.530702371	1.304448918	2.136838163	1.008364153	1.863099418	0.997191143	1.215064838	1.242997363	1.0055709	1.201098575	1.807234368	0.952499103	1.287689403	1.086575223	0.840769003	1.125680758	0.762557933	1.058642698	0.745798418	1.002777648	0.762557933	0.921773325	1.382659988	0.84914876	1.762542328	0.863115023	2.103319133	0.762557933	2.921742116	0.918980073
1.523670969	1.270190058	1.122558319	1.261833545	1.757653348	0.977712084	1.490244915	0.955428048	0.754871723	1.200552445	0.548744389	1.142056851	1.423392807	0.908074472	0.894146949	1.027851166	0.395541641	1.072419238	0.309191001	1.002781625	0.298048983	0.938715021	0.325904028	0.860720895	1.002781625	0.799439795	1.367682716	0.818938327	1.743725826	0.738158696	2.615588739	0.924787499
1.807255519	1.413402307	1.410609022	1.421782163	2.044684761	1.103347651	1.717870393	1.08658794	1.027928951	1.351950033	0.812845991	1.304464185	1.636865123	1.050275232	1.100554366	1.178766351	0.639662309	1.223458914	0.539104042	1.148040214	0.522344331	1.078208084	0.555863753	0.986029673	1.226252199	0.916197543	1.617312126	0.932957254	2.008372053	0.840778843	2.958089018	1.008375954
1.662011173	1.458100559	1.259776536	1.452513966	1.905027933	1.170391061	1.631284916	1.148044693	0.891061453	1.405027933	0.656424581	1.337988827	1.572625698	1.097765363	1.027932961	1.229050279	0.536312849	1.270949721	0.43575419	1.181564246	0.43575419	1.106145251	0.460893855	1.030726257	1.111731844	0.988826816	1.508379888	1.011173184	1.868715084	0.927374302	2.793296089	1.120111732
1.610618983	1.291296263	1.151242438	1.288495187	1.890726632	0.955167084	1.5489953	0.946763854	0.747887423	1.215667198	0.47898408	1.154043515	1.448156547	0.904747707	0.831919718	1.030796149	0.288510879	1.067210144	0.182069972	0.997183231	0.15966136	0.915952013	0.193274278	0.831919718	0.960769237	0.764693882	1.38933394	0.787102494	1.848710485	0.686263741	2.851495869	0.904747707
1.867977528	1.623595506	1.41011236	1.651685393	2.103932584	1.303370787	1.79494382	1.297752809	0.997191011	1.595505618	0.77247191	1.536516854	1.721910112	1.247191011	1.148876404	1.398876404	0.592696629	1.471910112	0.514044944	1.41011236	0.494382022	1.342696629	0.514044944	1.247191011	1.255617978	1.140449438	1.662921348	1.140449438	2.087078652	1.033707865	3.039325843	1.210674157
2.025210084	1.263305322	1.599439776	1.277310924	2.221288515	0.983193277	1.941176471	0.966386555	1.25210084	1.212885154	1.039215686	1.145658263	1.857142857	0.929971989	1.369747899	1.044817927	0.893557423	1.081232493	0.80952381	1.011204482	0.798319328	0.93557423	0.81512605	0.857142857	1.448179272	0.81512605	1.795518207	0.831932773	2.170868347	0.745098039	3.025210084	0.901960784
1.689069004	1.857135571	1.19327263	1.843130024	1.957975512	1.50139467	1.638649034	1.478985794	0.770305101	1.778704507	0.529409688	1.70867677	1.55461575	1.422963605	0.907559465	1.571422407	0.338934245	1.610637939	0.229690976	1.523803546	0.224088757	1.442571371	0.249298742	1.355736978	1.030808281	1.280107023	1.470582466	1.313720336	1.935566636	1.218482615	3.011192668	1.420162496
1.671348315	1.584269663	1.244382022	1.598314607	1.884831461	1.275280899	1.578651685	1.269662921	0.867977528	1.550561798	0.592696629	1.485955056	1.497191011	1.224719101	0.974719101	1.356741573	0.438202247	1.415730337	0.33988764	1.348314607	0.328651685	1.261235955	0.356741573	1.185393258	1.056179775	1.106741573	1.438202247	1.117977528	1.842696629	1.019662921	2.81741573	1.171348315
1.835195531	1.293296089	1.424581006	1.290502793	2.106145251	0.980446927	1.801675978	0.977653631	1.047486034	1.234636872	0.829608939	1.181564246	1.723463687	0.924581006	1.150837989	1.069832402	0.664804469	1.111731844	0.567039106	1.030726257	0.567039106	0.958100559	0.606145251	0.879888268	1.254189944	0.815642458	1.659217877	0.829608939	2.078212291	0.740223464	2.972067039	0.93575419
1.5364623	1.469048963	1.16007117	1.452195629	1.778026757	1.18816006	1.499946743	1.157262281	0.769635594	1.36231118	0.575822251	1.300515621	1.443768962	1.106702278	0.910080046	1.210631172	0.446613356	1.21624895	0.37639113	1.148835614	0.362346685	1.078613388	0.390435575	0.991537828	0.991537828	0.969066716	1.407253404	1.008391162	1.769600089	0.935360047	2.615075688	1.140408947
1.87394958	1.428571429	1.476190476	1.422969188	2.137254902	1.112044818	1.851540616	1.095238095	1.12605042	1.37535014	0.913165266	1.308123249	1.784313725	1.050420168	1.266106443	1.182072829	0.736694678	1.229691877	0.658263305	1.162464986	0.649859944	1.089635854	0.677871148	1.005602241	1.386554622	0.943977591	1.733893557	0.955182073	2.075630252	0.859943978	3	1.014005602
1.645251397	1.175977654	1.215083799	1.17877095	1.863128492	0.891061453	1.594972067	0.860335196	0.874301676	1.111731844	0.659217877	1.044692737	1.505586592	0.815642458	0.988826816	0.927374302	0.51396648	0.960893855	0.418994413	0.882681564	0.418994413	0.80726257	0.444134078	0.723463687	1.092178771	0.687150838	1.44972067	0.715083799	1.798882682	0.636871508	2.673184358	0.82122905
1.460871058	1.388246493	1.067022455	1.402212756	1.756955823	1.078195465	1.469250816	1.067022455	0.673173853	1.3407612	0.444127148	1.290482655	1.405006008	1.013950658	0.790490458	1.156406535	0.27932525	1.21785809	0.175974908	1.153613283	0.164801898	1.064229203	0.192734423	0.986018133	0.877081285	0.888254295	1.365900473	0.90501381	1.751369318	0.807249973	2.734594198	0.986018133

1.676959676	1.825835493	1.230332225	1.842689359	1.969093355	1.480331238	1.632016033	1.483140216	0.845502282	1.76965594	0.61797509	1.710667408	1.564600569	1.426960662	0.904490814	1.584263413	0.432582563	1.6235891	0.348313233	1.547746703	0.328650389	1.449432484	0.379211987	1.370781109	1.064602542	1.303365644	1.544937725	1.325837466	1.89044198	1.219096314	2.940999633	1.401679863
1.66011236	1.497191011	1.207865169	1.502808989	1.901685393	1.165730337	1.609550562	1.165730337	0.865168539	1.449438202	0.657303371	1.396067416	1.561797753	1.120786517	0.949438202	1.27247191	0.485955056	1.31741573	0.387640449	1.255617978	0.379213483	1.176966292	0.407303371	1.092696629	1.101123596	1.008426966	1.508426966	1.019662921	1.834269663	0.918539326	2.783707865	1.070224719
1.779301843	1.441318291	1.360313968	1.455284553	2.058627093	1.114507748	1.729023298	1.10612799	0.988811385	1.393832998	0.765351185	1.346347705	1.656398733	1.064229203	1.067022455	1.21785809	0.572616763	1.268136635	0.474852925	1.209478333	0.45809341	1.136853768	0.488819188	1.019537163	1.203891828	0.946912598	1.608913441	0.958085608	1.977622771	0.851942013	2.972020661	1.008364153
1.674068729	1.387165103	1.278531692	1.389950575	1.933117634	1.080763173	1.629501176	1.066835812	0.938704096	1.334241134	0.721437273	1.259033387	1.559864373	1.022268259	0.991628066	1.161541864	0.557094419	1.18382564	0.467959312	1.11697431	0.46517384	1.038981092	0.493028561	0.958202401	1.122545254	0.899707487	1.501369459	0.927562208	1.849553471	0.832856156	2.813326816	0.986057122
1.782115953	1.368709744	1.343570177	1.374296315	2.072617613	1.027928951	1.779322667	1.002789384	0.969269962	1.298877614	0.740220576	1.23742534	1.684350971	0.963683391	1.053068517	1.108934221	0.578210035	1.164799925	0.477651768	1.075414799	0.455305486	0.991616243	0.486031623	0.905024402	1.181559636	0.818432561	1.628485267	0.849158698	1.88826079	0.748600431	2.994401726	0.927370684
1.594972067	1.600558659	1.12849162	1.600558659	1.913407821	1.25698324	1.561452514	1.237430168	0.74301676	1.511173184	0.5	1.444134078	1.502793296	1.17877095	0.857541899	1.32122905	0.30726257	1.349162011	0.209497207	1.279329609	0.189944134	1.215083799	0.209497207	1.120111732	1.025139665	1.044692737	1.427374302	1.078212291	1.824022346	0.972067039	2.896648045	1.201117318
1.683473389	1.775910364	1.246498599	1.787114846	1.963585434	1.445378151	1.62464986	1.434173669	0.859943978	1.700280112	0.62745098	1.635854342	1.577030812	1.383753501	0.943977591	1.515406162	0.445378151	1.557422969	0.347338936	1.473389356	0.336134454	1.394957983	0.364145658	1.31092437	1.067226891	1.24929972	1.521008403	1.282913165	1.893557423	1.176470588	2.896358543	1.361344538
1.687144256	1.860327938	1.296084329	1.865914508	1.946919779	1.544686711	1.66759126	1.525133715	0.952510251	1.796082379	0.745807146	1.737423389	1.606138985	1.488821007	1.047481947	1.608932271	0.567036894	1.650831549	0.502791335	1.592172559	0.474858483	1.527927	0.488824909	1.441335159	1.164799925	1.368709744	1.578206134	1.396642596	1.877087649	1.3016709	2.790491907	1.460888155
1.460893855	1.220670391	1.036312849	1.226256983	1.787709497	0.891061453	1.416201117	0.891061453	0.648044693	1.162011173	0.446927374	1.092178771	1.337988827	0.840782123	0.729050279	0.980446927	0.287709497	1.019553073	0.184357542	0.94972067	0.170391061	0.87150838	0.195530726	0.784916201	0.843575419	0.720670391	1.268156425	0.745810056	1.622905028	0.650837989	2.670391061	0.840782123
1.480337079	1.171348315	1.098314607	1.16011236	1.786516854	0.856741573	1.469101124	0.83988764	0.72752809	1.092696629	0.519662921	1.036516854	1.412921348	0.79494382	0.83988764	0.912921348	0.323033708	0.952247191	0.22752809	0.876404494	0.221910112	0.800561798	0.244382022	0.716292135	0.918539326	0.657303371	1.359550562	0.688202247	1.70505618	0.609550562	2.68258427	0.789325843
1.547431702	1.421737791	1.053035653	1.427324187	1.823958306	1.069794841	1.449669772	1.058622049	0.636849148	1.363080633	0.377081732	1.298837079	1.371460227	1.002758089	0.782095445	1.145211188	0.162005485	1.192695554	0.075416346	1.111692811	0.05586396	1.039069663	0.081002743	0.955273722	0.891030168	0.851925396	1.354701039	0.893823366	1.728989573	0.782095445	2.779232028	0.974826108
1.466474726	1.256978336	0.997202814	1.256978336	1.762562956	0.918990828	1.430162018	0.907817687	0.617316027	1.198319347	0.385473357	1.136867073	1.363123174	0.863125124	0.717874294	1.008375954	0.22066953	1.053068517	0.103351552	0.974856532	0.094971697	0.896644547	0.122904548	0.807259421	0.846365413	0.729047435	1.321223896	0.745807146	1.706697252	0.645248879	2.68993364	0.824019132
1.529405765	1.565820188	1.092432689	1.565820188	1.81231782	1.204477067	1.481786904	1.184869301	0.691874036	1.490190232	0.462183061	1.422963605	1.442571371	1.13725044	0.8291284	1.280107023	0.254900961	1.313720336	0.159663239	1.229687053	0.142856582	1.159659316	0.190475443	1.056018266	0.952377216	0.988791639	1.386549182	1.014001624	1.733886755	0.904758355	2.767496146	1.117642674
1.477522261	1.654487855	1.044939698	1.654487855	1.794936739	1.34550031	1.46628635	1.320219511	0.665727711	1.57583648	0.429773585	1.50280306	1.407297819	1.278084845	0.752806019	1.396061908	0.275279813	1.421342707	0.151684795	1.339882354	0.146066839	1.244377113	0.188201505	1.165725738	0.93258059	1.134826984	1.34550031	1.165725738	1.713476386	1.081456408	2.735944262	1.286511778
1.476167312	1.235274733	1.053204761	1.221269351	1.817898644	0.887941248	1.464963006	0.879538019	0.663855129	1.154043515	0.386548556	1.081215526	1.403339323	0.823516489	0.787102494	0.949564931	0.193274278	0.985978925	0.095236601	0.904747707	0.086833371	0.823516489	0.117645213	0.733882041	0.915952013	0.677860511	1.361323175	0.711473429	1.733866349	0.607833599	2.775866804	0.80671003
1.431366934	1.420162496	1.039211609	1.425764715	1.742290084	1.100836017	1.417361386	1.095233798	0.689072927	1.372543635	0.453779732	1.313720336	1.341731431	1.044813828	0.770305101	1.19047152	0.268906508	1.235289271	0.170867677	1.165261535	0.176469896	1.08963158	0.204480991	1.019603843	0.876747261	0.93276945	1.291311461	0.949576107	1.661057909	0.865542823	2.621838454	1.0364105
1.477504774	1.435370607	1.053354164	1.421325885	1.800533384	1.126386719	1.455033218	1.092679386	0.668528776	1.351102274	0.418532721	1.27245183	1.396045385	1.039309442	0.783695498	1.151667219	0.224715555	1.165711941	0.132020389	1.081443608	0.137638277	0.997175275	0.182581388	0.907289053	0.940996386	0.887626442	1.356720163	0.92414272	1.727500829	0.845492276	2.76681027	1.064589942
1.466480447	1.201117318	1.055865922	1.198324022	1.737430168	0.899441341	1.424581006	0.879888268	0.720670391	1.131284916	0.5	1.06424581	1.38547486	0.835195531	0.801675978	0.955307263	0.315642458	0.988826816	0.226256983	0.918994413	0.226256983	0.840782123	0.254189944	0.754189944	0.952513966	0.698324022	1.346368715	0.720670391	1.701117318	0.639664804	2.639664804	0.846368715
1.567039106	1.402234637	1.089385475	1.405027933	1.891061453	1.047486034	1.567039106	1.036312849	0.673184358	1.329608939	0.427374302	1.262569832	1.480446927	0.991620112	0.824022346	1.122905028	0.226256983	1.153631285	0.125698324	1.078212291	0.125698324	1.002793296	0.153631285	0.913407821	0.963687151	0.849162011	1.441340782	0.877094972	1.840782123	0.784916201	2.910614525	0.983240223
1.472061296	1.217872344	1.013962525	1.23183877	1.762562956	0.857538554	1.402229166	0.86591841	0.606142887	1.170386495	0.385473357	1.108934221	1.357536603	0.812845991	0.723460865	0.960890106	0.181563537	1.025135666	0.081005271	0.949716965	0.067038845	0.863125124	0.086591841	0.773739998	0.87150498	0.678768302	1.298877614	0.695528013	1.67317783	0.58100332	2.737419488	0.756980287
1.476167312	1.302500569	1.044801532	1.305301645	1.745070655	0.980376772	1.417344705	0.960769237	0.661054052	1.243677963	0.453774392	1.190457509	1.380930711	0.904747707	0.7506885	1.058806914	0.27170442	1.109226291	0.165263513	1.044801532	0.15966136	0.960769237	0.190473201	0.865532636	0.91875309	0.775898188	1.322108104	0.801107877	1.70865666	0.705871276	2.689033433	0.893543401
1.598314607	1.31741573	1.126404494	1.323033708	1.887640449	0.97752809	1.547752809	0.963483146	0.693820225	1.264044944	0.45505618	1.196629213	1.491573034	0.91011236	0.800561798	1.064606742	0.266853933	1.098314607	0.165730337	1.025280899	0.148876404	0.943820225	0.174157303	0.859550562	0.963483146	0.775280899	1.452247191	0.789325843	1.806179775	0.696629213	2.853932584	0.867977528
