22 min 22 har
1.536312849	1.259776536	1.136871508	1.245810056	1.779329609	0.955307263	1.494413408	0.924581006	0.796089385	1.201117318	0.555865922	1.142458101	1.405027933	0.88547486	0.874301676	1.011173184	0.374301676	1.058659218	0.276536313	0.98603352	0.287709497	0.913407821	0.304469274	0.835195531	1.01396648	0.768156425	1.363128492	0.793296089	1.754189944	0.701117318	2.673184358	0.840782123
2.050247336	1.533495623	1.634052713	1.522322613	2.304433313	1.242997363	2.022314811	1.21785809	1.237410858	1.444111543	1.058642698	1.382659988	1.958070003	1.164786293	1.371486978	1.276516393	0.891047548	1.298862413	0.801663468	1.226237848	0.7821107	1.142440273	0.812836478	1.058642698	1.491596836	1.030710173	1.952483498	1.07260896	2.273707536	0.99439789	3.240172901	1.209478333
1.768156425	1.681564246	1.329608939	1.673184358	1.988826816	1.38547486	1.695530726	1.351955307	0.941340782	1.597765363	0.729050279	1.530726257	1.622905028	1.301675978	1.086592179	1.407821229	0.561452514	1.446927374	0.483240223	1.363128492	0.483240223	1.279329609	0.511173184	1.201117318	1.231843575	1.170391061	1.561452514	1.206703911	1.955307263	1.12849162	2.896648045	1.329608939
1.688195587	1.50280306	1.249995069	1.491567149	1.971902333	1.179770626	1.671341721	1.157298805	0.918535702	1.421342707	0.651682822	1.351118265	1.615162167	1.109546184	1.064602542	1.221905292	0.480335184	1.27246689	0.365167099	1.182579604	0.35112221	1.11516414	0.373594032	1.019658899	1.174152671	0.977524233	1.573027502	1.008422988	1.980329266	0.918535702	2.898864968	1.120782095
1.904494382	1.81741573	1.483146067	1.811797753	2.162921348	1.505617978	1.845505618	1.47752809	1.06741573	1.730337079	0.842696629	1.66011236	1.792134831	1.426966292	1.18258427	1.54494382	0.671348315	1.584269663	0.56741573	1.494382022	0.556179775	1.424157303	0.58988764	1.331460674	1.323033708	1.292134831	1.721910112	1.31741573	2.115168539	1.22752809	3.117977528	1.443820225
1.818435754	1.354748603	1.391061453	1.354748603	2.025139665	1.047486034	1.729050279	1.030726257	1.005586592	1.287709497	0.815642458	1.231843575	1.670391061	0.983240223	1.122905028	1.11452514	0.667597765	1.159217877	0.555865922	1.078212291	0.547486034	1.008379888	0.567039106	0.921787709	1.209497207	0.857541899	1.600558659	0.879888268	1.972067039	0.796089385	2.888268156	0.963687151
1.764698959	1.442571371	1.355736978	1.436969152	2.005594373	1.117642674	1.689069004	1.106438236	0.980388311	1.358538088	0.773106211	1.302515898	1.633046815	1.044813828	1.084029361	1.187670411	0.588232986	1.224084834	0.498597484	1.151255988	0.487393046	1.081228251	0.507000812	0.988791639	1.196073739	0.921565012	1.593831282	0.941172778	1.952373293	0.843133947	2.915954947	1.039211609
1.639664804	1.703910615	1.206703911	1.687150838	1.891061453	1.38547486	1.600558659	1.351955307	0.829608939	1.597765363	0.622905028	1.530726257	1.55027933	1.298882682	1.01396648	1.418994413	0.452513966	1.444134078	0.37150838	1.368715084	0.37150838	1.296089385	0.399441341	1.212290503	1.148044693	1.162011173	1.502793296	1.187150838	1.88547486	1.111731844	2.80726257	1.329608939
1.913377963	1.312828675	1.530702371	1.304448918	2.136838163	1.008364153	1.863099418	0.997191143	1.215064838	1.242997363	1.0055709	1.201098575	1.807234368	0.952499103	1.287689403	1.086575223	0.840769003	1.125680758	0.762557933	1.058642698	0.745798418	1.002777648	0.762557933	0.921773325	1.382659988	0.84914876	1.762542328	0.863115023	2.103319133	0.762557933	2.921742116	0.918980073
1.523670969	1.270190058	1.122558319	1.261833545	1.757653348	0.977712084	1.490244915	0.955428048	0.754871723	1.200552445	0.548744389	1.142056851	1.423392807	0.908074472	0.894146949	1.027851166	0.395541641	1.072419238	0.309191001	1.002781625	0.298048983	0.938715021	0.325904028	0.860720895	1.002781625	0.799439795	1.367682716	0.818938327	1.743725826	0.738158696	2.615588739	0.924787499
1.807255519	1.413402307	1.410609022	1.421782163	2.044684761	1.103347651	1.717870393	1.08658794	1.027928951	1.351950033	0.812845991	1.304464185	1.636865123	1.050275232	1.100554366	1.178766351	0.639662309	1.223458914	0.539104042	1.148040214	0.522344331	1.078208084	0.555863753	0.986029673	1.226252199	0.916197543	1.617312126	0.932957254	2.008372053	0.840778843	2.958089018	1.008375954
1.662011173	1.458100559	1.259776536	1.452513966	1.905027933	1.170391061	1.631284916	1.148044693	0.891061453	1.405027933	0.656424581	1.337988827	1.572625698	1.097765363	1.027932961	1.229050279	0.536312849	1.270949721	0.43575419	1.181564246	0.43575419	1.106145251	0.460893855	1.030726257	1.111731844	0.988826816	1.508379888	1.011173184	1.868715084	0.927374302	2.793296089	1.120111732
1.610618983	1.291296263	1.151242438	1.288495187	1.890726632	0.955167084	1.5489953	0.946763854	0.747887423	1.215667198	0.47898408	1.154043515	1.448156547	0.904747707	0.831919718	1.030796149	0.288510879	1.067210144	0.182069972	0.997183231	0.15966136	0.915952013	0.193274278	0.831919718	0.960769237	0.764693882	1.38933394	0.787102494	1.848710485	0.686263741	2.851495869	0.904747707
1.867977528	1.623595506	1.41011236	1.651685393	2.103932584	1.303370787	1.79494382	1.297752809	0.997191011	1.595505618	0.77247191	1.536516854	1.721910112	1.247191011	1.148876404	1.398876404	0.592696629	1.471910112	0.514044944	1.41011236	0.494382022	1.342696629	0.514044944	1.247191011	1.255617978	1.140449438	1.662921348	1.140449438	2.087078652	1.033707865	3.039325843	1.210674157
2.025210084	1.263305322	1.599439776	1.277310924	2.221288515	0.983193277	1.941176471	0.966386555	1.25210084	1.212885154	1.039215686	1.145658263	1.857142857	0.929971989	1.369747899	1.044817927	0.893557423	1.081232493	0.80952381	1.011204482	0.798319328	0.93557423	0.81512605	0.857142857	1.448179272	0.81512605	1.795518207	0.831932773	2.170868347	0.745098039	3.025210084	0.901960784
1.689069004	1.857135571	1.19327263	1.843130024	1.957975512	1.50139467	1.638649034	1.478985794	0.770305101	1.778704507	0.529409688	1.70867677	1.55461575	1.422963605	0.907559465	1.571422407	0.338934245	1.610637939	0.229690976	1.523803546	0.224088757	1.442571371	0.249298742	1.355736978	1.030808281	1.280107023	1.470582466	1.313720336	1.935566636	1.218482615	3.011192668	1.420162496
1.671348315	1.584269663	1.244382022	1.598314607	1.884831461	1.275280899	1.578651685	1.269662921	0.867977528	1.550561798	0.592696629	1.485955056	1.497191011	1.224719101	0.974719101	1.356741573	0.438202247	1.415730337	0.33988764	1.348314607	0.328651685	1.261235955	0.356741573	1.185393258	1.056179775	1.106741573	1.438202247	1.117977528	1.842696629	1.019662921	2.81741573	1.171348315
1.835195531	1.293296089	1.424581006	1.290502793	2.106145251	0.980446927	1.801675978	0.977653631	1.047486034	1.234636872	0.829608939	1.181564246	1.723463687	0.924581006	1.150837989	1.069832402	0.664804469	1.111731844	0.567039106	1.030726257	0.567039106	0.958100559	0.606145251	0.879888268	1.254189944	0.815642458	1.659217877	0.829608939	2.078212291	0.740223464	2.972067039	0.93575419
1.5364623	1.469048963	1.16007117	1.452195629	1.778026757	1.18816006	1.499946743	1.157262281	0.769635594	1.36231118	0.575822251	1.300515621	1.443768962	1.106702278	0.910080046	1.210631172	0.446613356	1.21624895	0.37639113	1.148835614	0.362346685	1.078613388	0.390435575	0.991537828	0.991537828	0.969066716	1.407253404	1.008391162	1.769600089	0.935360047	2.615075688	1.140408947
1.87394958	1.428571429	1.476190476	1.422969188	2.137254902	1.112044818	1.851540616	1.095238095	1.12605042	1.37535014	0.913165266	1.308123249	1.784313725	1.050420168	1.266106443	1.182072829	0.736694678	1.229691877	0.658263305	1.162464986	0.649859944	1.089635854	0.677871148	1.005602241	1.386554622	0.943977591	1.733893557	0.955182073	2.075630252	0.859943978	3	1.014005602
1.645251397	1.175977654	1.215083799	1.17877095	1.863128492	0.891061453	1.594972067	0.860335196	0.874301676	1.111731844	0.659217877	1.044692737	1.505586592	0.815642458	0.988826816	0.927374302	0.51396648	0.960893855	0.418994413	0.882681564	0.418994413	0.80726257	0.444134078	0.723463687	1.092178771	0.687150838	1.44972067	0.715083799	1.798882682	0.636871508	2.673184358	0.82122905
1.460871058	1.388246493	1.067022455	1.402212756	1.756955823	1.078195465	1.469250816	1.067022455	0.673173853	1.3407612	0.444127148	1.290482655	1.405006008	1.013950658	0.790490458	1.156406535	0.27932525	1.21785809	0.175974908	1.153613283	0.164801898	1.064229203	0.192734423	0.986018133	0.877081285	0.888254295	1.365900473	0.90501381	1.751369318	0.807249973	2.734594198	0.986018133

1.676959676	1.825835493	1.230332225	1.842689359	1.969093355	1.480331238	1.632016033	1.483140216	0.845502282	1.76965594	0.61797509	1.710667408	1.564600569	1.426960662	0.904490814	1.584263413	0.432582563	1.6235891	0.348313233	1.547746703	0.328650389	1.449432484	0.379211987	1.370781109	1.064602542	1.303365644	1.544937725	1.325837466	1.89044198	1.219096314	2.940999633	1.401679863
1.66011236	1.497191011	1.207865169	1.502808989	1.901685393	1.165730337	1.609550562	1.165730337	0.865168539	1.449438202	0.657303371	1.396067416	1.561797753	1.120786517	0.949438202	1.27247191	0.485955056	1.31741573	0.387640449	1.255617978	0.379213483	1.176966292	0.407303371	1.092696629	1.101123596	1.008426966	1.508426966	1.019662921	1.834269663	0.918539326	2.783707865	1.070224719
1.779301843	1.441318291	1.360313968	1.455284553	2.058627093	1.114507748	1.729023298	1.10612799	0.988811385	1.393832998	0.765351185	1.346347705	1.656398733	1.064229203	1.067022455	1.21785809	0.572616763	1.268136635	0.474852925	1.209478333	0.45809341	1.136853768	0.488819188	1.019537163	1.203891828	0.946912598	1.608913441	0.958085608	1.977622771	0.851942013	2.972020661	1.008364153
1.674068729	1.387165103	1.278531692	1.389950575	1.933117634	1.080763173	1.629501176	1.066835812	0.938704096	1.334241134	0.721437273	1.259033387	1.559864373	1.022268259	0.991628066	1.161541864	0.557094419	1.18382564	0.467959312	1.11697431	0.46517384	1.038981092	0.493028561	0.958202401	1.122545254	0.899707487	1.501369459	0.927562208	1.849553471	0.832856156	2.813326816	0.986057122
1.782115953	1.368709744	1.343570177	1.374296315	2.072617613	1.027928951	1.779322667	1.002789384	0.969269962	1.298877614	0.740220576	1.23742534	1.684350971	0.963683391	1.053068517	1.108934221	0.578210035	1.164799925	0.477651768	1.075414799	0.455305486	0.991616243	0.486031623	0.905024402	1.181559636	0.818432561	1.628485267	0.849158698	1.88826079	0.748600431	2.994401726	0.927370684
1.594972067	1.600558659	1.12849162	1.600558659	1.913407821	1.25698324	1.561452514	1.237430168	0.74301676	1.511173184	0.5	1.444134078	1.502793296	1.17877095	0.857541899	1.32122905	0.30726257	1.349162011	0.209497207	1.279329609	0.189944134	1.215083799	0.209497207	1.120111732	1.025139665	1.044692737	1.427374302	1.078212291	1.824022346	0.972067039	2.896648045	1.201117318
1.683473389	1.775910364	1.246498599	1.787114846	1.963585434	1.445378151	1.62464986	1.434173669	0.859943978	1.700280112	0.62745098	1.635854342	1.577030812	1.383753501	0.943977591	1.515406162	0.445378151	1.557422969	0.347338936	1.473389356	0.336134454	1.394957983	0.364145658	1.31092437	1.067226891	1.24929972	1.521008403	1.282913165	1.893557423	1.176470588	2.896358543	1.361344538
1.687144256	1.860327938	1.296084329	1.865914508	1.946919779	1.544686711	1.66759126	1.525133715	0.952510251	1.796082379	0.745807146	1.737423389	1.606138985	1.488821007	1.047481947	1.608932271	0.567036894	1.650831549	0.502791335	1.592172559	0.474858483	1.527927	0.488824909	1.441335159	1.164799925	1.368709744	1.578206134	1.396642596	1.877087649	1.3016709	2.790491907	1.460888155
1.460893855	1.220670391	1.036312849	1.226256983	1.787709497	0.891061453	1.416201117	0.891061453	0.648044693	1.162011173	0.446927374	1.092178771	1.337988827	0.840782123	0.729050279	0.980446927	0.287709497	1.019553073	0.184357542	0.94972067	0.170391061	0.87150838	0.195530726	0.784916201	0.843575419	0.720670391	1.268156425	0.745810056	1.622905028	0.650837989	2.670391061	0.840782123
1.480337079	1.171348315	1.098314607	1.16011236	1.786516854	0.856741573	1.469101124	0.83988764	0.72752809	1.092696629	0.519662921	1.036516854	1.412921348	0.79494382	0.83988764	0.912921348	0.323033708	0.952247191	0.22752809	0.876404494	0.221910112	0.800561798	0.244382022	0.716292135	0.918539326	0.657303371	1.359550562	0.688202247	1.70505618	0.609550562	2.68258427	0.789325843
1.547431702	1.421737791	1.053035653	1.427324187	1.823958306	1.069794841	1.449669772	1.058622049	0.636849148	1.363080633	0.377081732	1.298837079	1.371460227	1.002758089	0.782095445	1.145211188	0.162005485	1.192695554	0.075416346	1.111692811	0.05586396	1.039069663	0.081002743	0.955273722	0.891030168	0.851925396	1.354701039	0.893823366	1.728989573	0.782095445	2.779232028	0.974826108
1.466474726	1.256978336	0.997202814	1.256978336	1.762562956	0.918990828	1.430162018	0.907817687	0.617316027	1.198319347	0.385473357	1.136867073	1.363123174	0.863125124	0.717874294	1.008375954	0.22066953	1.053068517	0.103351552	0.974856532	0.094971697	0.896644547	0.122904548	0.807259421	0.846365413	0.729047435	1.321223896	0.745807146	1.706697252	0.645248879	2.68993364	0.824019132
1.529405765	1.565820188	1.092432689	1.565820188	1.81231782	1.204477067	1.481786904	1.184869301	0.691874036	1.490190232	0.462183061	1.422963605	1.442571371	1.13725044	0.8291284	1.280107023	0.254900961	1.313720336	0.159663239	1.229687053	0.142856582	1.159659316	0.190475443	1.056018266	0.952377216	0.988791639	1.386549182	1.014001624	1.733886755	0.904758355	2.767496146	1.117642674
1.477522261	1.654487855	1.044939698	1.654487855	1.794936739	1.34550031	1.46628635	1.320219511	0.665727711	1.57583648	0.429773585	1.50280306	1.407297819	1.278084845	0.752806019	1.396061908	0.275279813	1.421342707	0.151684795	1.339882354	0.146066839	1.244377113	0.188201505	1.165725738	0.93258059	1.134826984	1.34550031	1.165725738	1.713476386	1.081456408	2.735944262	1.286511778
1.476167312	1.235274733	1.053204761	1.221269351	1.817898644	0.887941248	1.464963006	0.879538019	0.663855129	1.154043515	0.386548556	1.081215526	1.403339323	0.823516489	0.787102494	0.949564931	0.193274278	0.985978925	0.095236601	0.904747707	0.086833371	0.823516489	0.117645213	0.733882041	0.915952013	0.677860511	1.361323175	0.711473429	1.733866349	0.607833599	2.775866804	0.80671003
1.431366934	1.420162496	1.039211609	1.425764715	1.742290084	1.100836017	1.417361386	1.095233798	0.689072927	1.372543635	0.453779732	1.313720336	1.341731431	1.044813828	0.770305101	1.19047152	0.268906508	1.235289271	0.170867677	1.165261535	0.176469896	1.08963158	0.204480991	1.019603843	0.876747261	0.93276945	1.291311461	0.949576107	1.661057909	0.865542823	2.621838454	1.0364105
1.477504774	1.435370607	1.053354164	1.421325885	1.800533384	1.126386719	1.455033218	1.092679386	0.668528776	1.351102274	0.418532721	1.27245183	1.396045385	1.039309442	0.783695498	1.151667219	0.224715555	1.165711941	0.132020389	1.081443608	0.137638277	0.997175275	0.182581388	0.907289053	0.940996386	0.887626442	1.356720163	0.92414272	1.727500829	0.845492276	2.76681027	1.064589942
1.466480447	1.201117318	1.055865922	1.198324022	1.737430168	0.899441341	1.424581006	0.879888268	0.720670391	1.131284916	0.5	1.06424581	1.38547486	0.835195531	0.801675978	0.955307263	0.315642458	0.988826816	0.226256983	0.918994413	0.226256983	0.840782123	0.254189944	0.754189944	0.952513966	0.698324022	1.346368715	0.720670391	1.701117318	0.639664804	2.639664804	0.846368715
1.567039106	1.402234637	1.089385475	1.405027933	1.891061453	1.047486034	1.567039106	1.036312849	0.673184358	1.329608939	0.427374302	1.262569832	1.480446927	0.991620112	0.824022346	1.122905028	0.226256983	1.153631285	0.125698324	1.078212291	0.125698324	1.002793296	0.153631285	0.913407821	0.963687151	0.849162011	1.441340782	0.877094972	1.840782123	0.784916201	2.910614525	0.983240223
1.472061296	1.217872344	1.013962525	1.23183877	1.762562956	0.857538554	1.402229166	0.86591841	0.606142887	1.170386495	0.385473357	1.108934221	1.357536603	0.812845991	0.723460865	0.960890106	0.181563537	1.025135666	0.081005271	0.949716965	0.067038845	0.863125124	0.086591841	0.773739998	0.87150498	0.678768302	1.298877614	0.695528013	1.67317783	0.58100332	2.737419488	0.756980287
1.476167312	1.302500569	1.044801532	1.305301645	1.745070655	0.980376772	1.417344705	0.960769237	0.661054052	1.243677963	0.453774392	1.190457509	1.380930711	0.904747707	0.7506885	1.058806914	0.27170442	1.109226291	0.165263513	1.044801532	0.15966136	0.960769237	0.190473201	0.865532636	0.91875309	0.775898188	1.322108104	0.801107877	1.70865666	0.705871276	2.689033433	0.893543401
1.598314607	1.31741573	1.126404494	1.323033708	1.887640449	0.97752809	1.547752809	0.963483146	0.693820225	1.264044944	0.45505618	1.196629213	1.491573034	0.91011236	0.800561798	1.064606742	0.266853933	1.098314607	0.165730337	1.025280899	0.148876404	0.943820225	0.174157303	0.859550562	0.963483146	0.775280899	1.452247191	0.789325843	1.806179775	0.696629213	2.853932584	0.867977528
