SPM-SUM 35-34 From: split LAN_All species 35 35 34 34 30 30 (198).txt: selecting rows from 1 to 35
2.913461538	2.903846154	2.293269231	2.360576923	3.043269231	2.072115385	3.048076923	1.951923077	0.817307692	2.548076923	0.6875	2.346153846	1.019230769	1.875	4.235576923	1.6875	2.846153846	1.418269231	3.403846154	1.331730769	
2.555555556	2.859903382	1.922705314	2.270531401	2.714975845	1.985507246	2.743961353	1.8647343	0.381642512	2.357487923	0.280193237	2.125603865	0.661835749	1.671497585	3.975845411	1.647342995	2.52173913	1.29468599	3.062801932	1.231884058	
2.927884615	2.831730769	2.293269231	2.206730769	3.173076923	1.971153846	3.192307692	1.850961538	0.706730769	2.240384615	0.596153846	2	1.024038462	1.533653846	4.399038462	1.692307692	2.879807692	1.283653846	3.524038462	1.235576923	
2.748760196	2.884024318	2.178718538	2.222196292	3.053104471	2.014469247	3.077258778	1.888866848	0.656997165	2.169056815	0.560379934	1.942006325	0.927525409	1.502397928	4.309128462	1.763264449	2.864700872	1.299501745	3.444404252	1.260854853	
2.719806763	2.850241546	2.048309179	2.198067633	2.884057971	1.985507246	2.90821256	1.8647343	0.555555556	2.178743961	0.458937198	1.951690821	0.835748792	1.526570048	4.22705314	1.729468599	2.739130435	1.299516908	3.400966184	1.275362319	
2.923411513	2.645902728	2.373178577	2.19614711	3.0334581	1.985623204	3.038242735	1.880361251	1.100465872	2.258347355	0.96171148	2.038254181	1.296635876	1.636344906	4.052585191	1.708114419	2.846857365	1.416251731	3.320536154	1.363620755	
2.748760196	2.932332933	2.198041984	2.28016663	3.009626717	2.091763031	3.028950163	1.956498909	0.719798364	2.227027153	0.594195965	1.970991494	0.966172301	1.550706543	4.20768037	1.850219956	2.835715703	1.376795529	3.386433914	1.371964667	
2.644200211	2.908620232	1.971131066	2.240358724	2.831698044	2.028822707	2.865351501	1.908631788	0.442302581	2.221128177	0.336534572	1.98074634	0.754798969	1.524020849	4.129759965	1.754787412	2.701891851	1.322100105	3.307654082	1.293254285	
2.574879227	2.917874396	1.927536232	2.275362319	2.830917874	2.053140097	2.8647343	1.93236715	0.473429952	2.265700483	0.347826087	2.004830918	0.782608696	1.555555556	4.115942029	1.801932367	2.661835749	1.362318841	3.256038647	1.333333333	
2.700357054	2.898415443	2.086859119	2.236610583	2.874261981	2.024060117	2.888754058	1.869477961	0.463746471	2.212457121	0.3816247	2.00956804	0.792233554	1.545821569	4.236517239	1.719726496	2.714849131	1.260810718	3.362161914	1.222165178	
2.574608856	2.801638155	1.946655476	2.183345596	2.705029942	1.946655476	2.738842817	1.830725622	0.444397776	2.231649703	0.323637511	2.009450814	0.719731181	1.540900985	4.033392861	1.647170019	2.598760909	1.270397991	3.202562235	1.226924295	
2.647342995	2.869565217	2.009661836	2.236714976	2.888888889	2.009661836	2.922705314	1.884057971	0.555555556	2.236714976	0.45410628	2.019323671	0.811594203	1.584541063	4.183574879	1.748792271	2.724637681	1.31884058	3.338164251	1.275362319	
2.76299487	2.811298976	2.178515186	2.173684775	2.903076778	1.961146708	2.936889652	1.850047264	0.685918307	2.125380669	0.603801326	1.922503423	0.956421301	1.511918521	4.192796411	1.729286999	2.748503638	1.304210865	3.328152911	1.280058812	
2.716346154	2.759615385	2.158653846	2.139423077	2.951923077	1.947115385	2.975961538	1.826923077	0.701923077	2.105769231	0.610576923	1.855769231	1.009615385	1.466346154	4.120192308	1.6875	2.802884615	1.264423077	3.355769231	1.230769231	
2.690789858	2.700451581	2.043454416	2.101424754	2.821223118	1.869543402	2.845377426	1.753602726	0.632842857	2.082101308	0.541056488	1.840558233	0.93235627	1.434765867	4.072416248	1.603846019	2.719775027	1.217377099	3.2753241	1.169068484	
2.552855112	2.697084215	2.014399797	2.149013626	2.788429313	1.942285246	2.798044586	1.822094327	0.663453871	2.163436536	0.533647679	1.951900519	0.889412798	1.552866669	3.942262132	1.677865224	2.58650857	1.307677195	3.149002069	1.274023738	
2.639392574	2.802852223	2.033630344	2.20189763	2.889389685	1.98074634	2.918235505	1.870170694	0.60576223	2.211512903	0.504801858	2.004784523	0.850951704	1.572097216	4.014376683	1.721133955	2.658623121	1.322100105	3.240347167	1.293254285	
2.56718902	2.894096985	1.990292611	2.283548285	2.764295293	2.091249482	2.797947583	1.96144779	0.519206768	2.230666114	0.413442426	2.004715021	0.841307263	1.576850184	4.023852452	1.850875978	2.658530951	1.413396202	3.24023483	1.389358851	
2.598912514	2.859769903	1.966091809	2.202795736	2.845277826	1.990245271	2.869431288	1.864647268	0.434762316	2.115843273	0.347809853	1.898462115	0.758418708	1.492683953	4.106088544	1.724557188	2.642388745	1.28496418	3.251055988	1.26564141	
2.734267611	2.700451581	2.062777862	2.115917339	2.913009487	1.888866848	2.946825517	1.782587895	0.734290949	2.125579062	0.628011996	1.89369771	0.985495747	1.468581897	4.077247109	1.647323773	2.768083642	1.275347437	3.270493238	1.25119313	
2.714944165	2.753591057	2.082101308	2.1207482	2.995134132	1.89369771	3.028950163	1.787418756	0.608688549	2.111086477	0.507240458	1.888866848	0.927525409	1.449258451	4.260819846	1.63766205	2.82605398	1.227038822	3.40575736	1.198053653	
2.797068811	2.676297273	2.294659214	2.106255616	3.067597055	1.917852017	3.096582224	1.797080479	0.937187132	2.053116139	0.821246456	1.792249618	1.207715376	1.371964667	4.280143293	1.690801526	2.879193456	1.231869684	3.50237459	1.227038822	
2.739130435	2.724637681	2.275362319	2.173913043	2.956521739	2.004830918	2.975845411	1.893719807	1.009661836	2.164251208	0.917874396	1.961352657	1.241545894	1.565217391	3.990338164	1.763285024	2.787439614	1.405797101	3.246376812	1.38647343	
2.6297773	2.870159138	1.913439425	2.21632054	2.82208277	2.004784523	2.855736227	1.894208878	0.499994222	2.173051809	0.403841487	1.975938703	0.754798969	1.538443759	4.124952328	1.764402686	2.644200211	1.336523015	3.269192988	1.307677195	
2.658653846	2.740384615	2.019230769	2.120192308	2.903846154	1.894230769	2.927884615	1.778846154	0.615384615	2.120192308	0.504807692	1.870192308	0.879807692	1.447115385	4.115384615	1.644230769	2.711538462	1.221153846	3.264423077	1.1875	
2.644108541	2.682568301	2.134516713	2.168169003	2.841214814	1.990292611	2.855637224	1.884528269	0.937456664	2.177783944	0.812462443	1.92298803	1.148985348	1.567235244	3.9036657	1.745111637	2.658530951	1.398973792	3.158507839	1.365321501	
2.644200211	2.774006403	2.048053254	2.168244173	2.841313317	1.951900519	2.860543864	1.826901964	0.524032405	2.149013626	0.442302581	1.927862335	0.822105884	1.499982665	4.076875961	1.687480498	2.687468941	1.274023738	3.230731894	1.245177917	
2.719806763	2.792270531	2.149758454	2.304347826	2.898550725	2.082125604	2.903381643	1.956521739	0.84057971	2.309178744	0.719806763	2.077294686	1.062801932	1.647342995	3.990338164	1.801932367	2.743961353	1.439613527	3.236714976	1.410628019	
2.463768116	2.729468599	1.898550725	2.173913043	2.729468599	1.951690821	2.763285024	1.84057971	0.526570048	2.120772947	0.458937198	1.903381643	0.874396135	1.516908213	3.859903382	1.70531401	2.594202899	1.347826087	3.072463768	1.31884058	
2.564593301	2.722488038	1.947368421	2.138755981	2.693779904	1.913875598	2.71291866	1.794258373	0.526315789	2.148325359	0.406698565	1.899521531	0.765550239	1.502392344	3.966507177	1.66507177	2.583732057	1.272727273	3.157894737	1.234449761	
2.622009569	2.832535885	2.038277512	2.181818182	2.885167464	1.980861244	2.928229665	1.846889952	0.540669856	2.081339713	0.454545455	1.842105263	0.90430622	1.421052632	4.076555024	1.736842105	2.650717703	1.291866029	3.272727273	1.282296651	
2.716220592	2.418157447	2.038367311	1.846068508	2.898904455	1.586465124	2.918134335	1.451855962	0.519206768	1.879720799	0.389405076	1.648962235	0.778810152	1.187445108	4.177691494	1.264364629	2.653723481	0.898996904	3.27869459	0.846114733	
2.758454106	2.685990338	2.231884058	2.144927536	2.966183575	1.956521739	2.985507246	1.84057971	0.942028986	2.130434783	0.855072464	1.917874396	1.207729469	1.502415459	4.057971014	1.710144928	2.797101449	1.347826087	3.304347826	1.314009662	
2.77184466	2.766990291	2.266990291	2.281553398	3.024271845	2.09223301	3.048543689	1.970873786	1.063106796	2.344660194	0.912621359	2.106796117	1.300970874	1.655339806	4.101941748	1.868932039	2.868932039	1.470873786	3.359223301	1.466019417	
2.710113304	2.690789858	2.169056815	2.164225954	2.932332933	1.951668048	2.95648724	1.816403925	0.874385932	2.140071646	0.758445256	1.92751374	1.149745038	1.439596728	4.067585386	1.676308942	2.758421919	1.280178299	3.280154961	1.270516576	
2.661804689	2.719775027	2.231858015	2.236688876	2.927502071	2.02413097	2.92267121	1.908190294	0.961341439	2.28016663	0.888878517	2.077270447	1.294670883	1.647323773	3.869520065	1.743941003	2.758421919	1.410611559	3.222184623	1.371964667	
2.716314762	2.716314762	2.336511459	2.245166361	3.062464607	2.03843798	3.067272244	1.923054699	1.081718268	2.240358724	1.009603717	2.00959216	1.423060477	1.586520126	4.038414867	1.783633233	2.879774411	1.437483387	3.350922812	1.40382993	
2.620192308	2.754807692	2.278846154	2.230769231	3.048076923	2.052884615	3.057692308	1.942307692	0.918269231	2.168269231	0.841346154	1.980769231	1.288461538	1.552884615	4.024038462	1.807692308	2.846153846	1.413461538	3.370192308	1.394230769	
2.538197548	2.764135587	2.216115662	2.254573201	2.922772934	2.076707085	2.937194511	1.966141661	0.97105285	2.201694085	0.903752157	1.999792007	1.293134735	1.59118066	3.864982629	1.845961853	2.759328395	1.471000852	3.206397281	1.44696489	
2.690789858	2.932332933	2.299490076	2.468570229	2.937163794	2.309151799	2.961318102	2.198041984	1.106267284	2.449246783	1.024142639	2.256012322	1.405780698	1.864712541	3.91782868	2.082101308	2.816392257	1.729448418	3.246338931	1.710124972	
2.617868772	2.815899435	2.226637461	2.337727833	2.840049516	2.168677267	2.864199597	2.052756878	0.970833253	2.299087704	0.883892962	2.091397008	1.284784305	1.695335681	3.902653077	1.922346441	2.806239403	1.550435195	3.245770876	1.506965049	
2.603864734	2.797101449	2.246376812	2.304347826	2.888888889	2.120772947	2.913043478	2.019323671	0.980676329	2.256038647	0.913043478	2.072463768	1.309178744	1.647342995	3.879227053	1.903381643	2.758454106	1.512077295	3.289855072	1.497584541	
2.745160582	2.639392574	2.312473275	2.197089993	3.019195877	2.014399797	3.038426424	1.899016515	1.096141178	2.158628899	1.024026627	1.985553976	1.43267575	1.58171249	4.028799593	1.774017959	2.913427868	1.43267575	3.389383906	1.408637567	
2.743929334	2.705282442	2.318813522	2.207703707	3.028950163	2.038623555	3.038611886	1.917852017	1.057958669	2.202872846	0.980664885	1.999976663	1.338148637	1.579691712	4.101401417	1.806742202	2.908178625	1.410611559	3.391264776	1.391288113	
2.61535439	2.658623121	2.259589271	2.235551087	2.927850779	2.033630344	2.932658415	1.927862335	0.937489166	2.197089993	0.870182251	2.02401507	1.264408464	1.605750673	3.870147581	1.78844087	2.769198766	1.447098661	3.216308983	1.423060477	
2.673076923	2.716346154	2.307692308	2.197115385	2.990384615	2.004807692	3.009615385	1.889423077	1.033653846	2.1875	0.942307692	1.990384615	1.302884615	1.586538462	4.009615385	1.774038462	2.822115385	1.408653846	3.336538462	1.375	
2.677884615	2.725961538	2.158653846	2.211538462	2.836538462	2.014423077	2.850961538	1.899038462	0.831730769	2.235576923	0.721153846	1.995192308	1.081730769	1.586538462	3.932692308	1.759615385	2.668269231	1.389423077	3.163461538	1.341346154	
2.492753623	2.758454106	2.111111111	2.304347826	2.768115942	2.115942029	2.792270531	2.004830918	0.893719807	2.31884058	0.816425121	2.154589372	1.212560386	1.700483092	3.830917874	1.884057971	2.661835749	1.536231884	3.101449275	1.512077295	
2.677853668	2.879774411	2.21632054	2.379780189	2.918235505	2.153821262	2.918235505	2.033630344	0.870182251	2.379780189	0.778837153	2.192282356	1.21152446	1.716326318	3.999953773	1.836517237	2.749968219	1.495175028	3.22111662	1.442291024	
2.58650857	2.769198766	2.120167805	2.278819818	2.826890407	2.052860891	2.826890407	1.923054699	0.788452426	2.278819818	0.692299691	2.081706711	1.110564088	1.61055831	3.918223948	1.740364502	2.663430757	1.394214656	3.129771522	1.336523015	
2.468786487	2.626673995	2.086028892	2.143442531	2.727147864	1.966417144	2.746285743	1.846805395	0.78465307	2.119520182	0.708101551	1.913787974	1.133919375	1.49753909	3.74145549	1.717624707	2.621889525	1.344436052	3.062060759	1.310944762	
2.8006739	2.820089317	2.397803998	2.35411931	3.125882135	2.15996514	3.159859115	2.062888055	1.150363456	2.32014233	1.087263351	2.145403577	1.533817942	1.723118258	4.09179913	1.926980136	3.048220467	1.57750263	3.470505786	1.562941067	
2.548047476	2.697084215	2.173051809	2.21632054	2.865351501	2.03843798	2.889389685	1.937477609	0.995180807	2.18747472	0.927873892	1.990361613	1.350945926	1.586520126	3.918223948	1.822094327	2.788429313	1.461521571	3.254770077	1.442291024	
2.763285024	2.70531401	2.429951691	2.236714976	3.072463768	2.062801932	3.082125604	1.956521739	1.251207729	2.212560386	1.183574879	2.024154589	1.550724638	1.637681159	3.961352657	1.821256039	2.913043478	1.497584541	3.328502415	1.47826087	
2.835616441	2.705187747	2.453991741	2.260764045	3.091643139	2.072367042	3.120627293	1.966091809	1.212503794	2.222118506	1.1448741	2.033721502	1.536160185	1.642435418	4.101257851	1.826001729	2.970875829	1.483022568	3.410468838	1.444377029	
2.884582048	2.721122398	2.519201655	2.278819818	3.091310428	2.105744895	3.110540975	1.999976886	1.302869558	2.259589271	1.249985554	2.124975442	1.572097216	1.735556865	4.052837777	1.855747784	3.024003513	1.557674306	3.408614453	1.519213212	
2.777745365	2.724605888	2.47340109	2.212534569	3.173876008	2.043454416	3.198030316	1.932344602	1.082112977	2.125579062	1.024142639	1.932344602	1.454089313	1.536213958	4.169033478	1.826065648	3.01928844	1.449258451	3.473389421	1.434765867	
2.763285024	2.671497585	2.357487923	2.241545894	2.946859903	2.053140097	2.961352657	1.951690821	1.15942029	2.289855072	1.111111111	2.125603865	1.429951691	1.724637681	3.898550725	1.797101449	2.850241546	1.502415459	3.256038647	1.468599034	
2.624969664	2.764391129	2.269204544	2.283627455	2.899004958	2.105744895	2.918235505	1.999976886	1.072102994	2.312473275	0.985565533	2.120167805	1.360561199	1.706711045	3.913416312	1.870170694	2.812467497	1.538443759	3.216308983	1.504790302	
2.663430757	2.653815484	2.346126732	2.211512903	2.966311873	2.072091438	2.98554242	1.985553976	1.259600828	2.134590715	1.216332097	1.956708156	1.562481943	1.629788857	3.802840666	1.870170694	2.889389685	1.576904853	3.23553953	1.543251396	
2.705187747	2.970875829	2.347716509	2.516790743	2.975706521	2.299409585	3.009521368	2.193134352	1.120720638	2.598912514	1.038598867	2.400854125	1.381578028	1.951599731	3.961167772	2.043382887	2.835616441	1.729387881	3.251055988	1.685911649	
2.748760196	2.700451581	2.454077644	2.275335768	3.062766194	2.111086477	3.072427917	2.014469247	1.236700545	2.31398266	1.169068484	2.135240785	1.555537404	1.758433587	3.932321264	1.884035987	2.830884841	1.594184296	3.251169792	1.555537404	
2.865351501	2.509586382	2.576893296	2.086514348	3.168232616	1.937477609	3.182655526	1.850940147	1.504790302	2.100937258	1.423060477	1.923054699	1.764402686	1.548059032	3.956685042	1.740364502	3.004772966	1.427868114	3.365345722	1.408637567	
2.682692308	2.774038462	2.245192308	2.278846154	2.923076923	2.105769231	2.956730769	1.995192308	1	2.230769231	0.932692308	2.028846154	1.326923077	1.649038462	3.990384615	1.870192308	2.774038462	1.524038462	3.216346154	1.509615385	
2.706699488	2.677853668	2.259589271	2.20189763	2.956696599	1.999976886	2.975927146	1.903824152	1.0336419	2.240358724	0.956719713	2.043245617	1.341330652	1.5961354	3.898993401	1.774017959	2.841313317	1.447098661	3.274000624	1.408637567	
2.721122398	2.769198766	2.322088549	2.317280912	3.038426424	2.149013626	3.062464607	2.03843798	1.115371725	2.322088549	1.048064811	2.163436536	1.40382993	1.754787412	4.00476141	1.927862335	2.894197321	1.576904853	3.384576269	1.557674306	
2.576923077	2.817307692	2.216346154	2.307692308	2.942307692	2.120192308	2.985576923	2.019230769	0.947115385	2.264423077	0.879807692	2.072115385	1.283653846	1.658653846	4.038461538	1.889423077	2.855769231	1.509615385	3.331730769	1.480769231	
2.612440191	2.765550239	2.253588517	2.277511962	2.933014354	2.076555024	2.95215311	1.971291866	0.937799043	2.234449761	0.866028708	2.052631579	1.253588517	1.645933014	3.937799043	1.827751196	2.746411483	1.464114833	3.200956938	1.425837321	
2.802884615	2.663461538	2.456730769	2.245192308	3	2.076923077	3.014423077	1.975961538	1.288461538	2.302884615	1.211538462	2.120192308	1.557692308	1.730769231	3.961538462	1.860576923	2.899038462	1.557692308	3.350961538	1.538461538	
