Females scaled values 60 alb 40 scu			
1.5096909501	1.5193995736	0.9538722563	1.5169724177	1.7111448872	1.1941606872	1.3349357276	1.1917335314	0.6164975906	1.4393034299	0.3446561333	1.3664887539	1.3227999482	1.1164916994	0.8009614366	1.2111507783	0.184463846	1.2863926102	0.0873776113	1.2038693107	0.0800961437	1.1116373877	0.1189306375	1.0121239971	0.9174649182	0.9975610619	1.2208594018	1.0169783088	1.8859001097	0.92231923	2.7596762223	1.0703757379
1.5242673548	1.4393161487	0.9830068132	1.4077628436	1.7742666184	1.0995113244	1.3446562333	1.0825210832	0.6626194074	1.3203844602	0.3737853067	1.2305788995	1.3470834107	1.012132941	0.8009685144	1.0970841471	0.2135916039	1.1407733388	0.09951427	1.0412590688	0.09951427	0.9538806854	0.145630639	0.8519392381	0.8106772237	0.8640751247	1.2451419634	0.8956284298	1.924751612	0.8398033515	2.8276615737	1.0388318915
1.4563063899	1.2839768004	0.9393176215	1.2160158356	1.7135871855	0.9830068132	1.3373747014	0.9490263308	0.5873769106	1.1165015656	0.3446591789	1.0461134234	1.3349475241	0.8834925432	0.7936869825	0.9320360895	0.1674752348	0.9708709266	0.0606794329	0.8689294793	0.0509707236	0.7694152093	0.1310675751	0.6723281167	0.8033956918	0.7257260176	1.2135886583	0.7766967413	1.9053341935	0.7499977908	2.7548462542	0.9927155225
1.541257596	1.5849467877	1.0169872956	1.5728109011	1.7499948452	1.2597050273	1.3689280065	1.25727785	0.6723281167	1.5048499362	0.3956299026	1.4465976806	1.3446562333	1.1917440624	0.8470848835	1.2936855097	0.2038828946	1.3689280065	0.0776696741	1.2888311551	0.0655337875	1.1941712397	0.1237860431	1.0849482605	0.85922077	1.0655308419	1.2402876087	1.0873754378	1.924751612	0.9902883451	2.8106713325	1.1480548707
1.6228710462	1.5936739659	1.0608272506	1.5523114355	1.8345498783	1.2846715328	1.4452554745	1.2652068127	0.6861313869	1.4695863747	0.4355231144	1.3941605839	1.4257907543	1.1849148418	0.8661800487	1.2579075426	0.2530413625	1.2895377129	0.1265206813	1.1922141119	0.1362530414	1.104622871	0.204379562	0.9854014599	0.8807785888	1.0243309002	1.3236009732	1.0754257908	2.0510948905	1.0170316302	2.900243309	1.2092457421
1.6513123568	1.3171758389	1.1258947888	1.297805606	1.8329082905	1.0605202526	1.445503632	1.0338861824	0.8450264113	1.215482116	0.5956346624	1.1428437426	1.4382397947	0.963669088	1.0459925779	1.0193585077	0.4358302408	1.0702053691	0.3099237268	0.963669088	0.3075024477	0.8692392025	0.3656131465	0.7796518752	1.1041032767	0.8304987367	1.34138863	0.8619753652	1.990291433	0.8304987367	2.7118326095	1.0435712988
1.5291217094	1.5825196104	1.0266960049	1.5485391279	1.7014512989	1.2815496231	1.3519377653	1.2621322046	0.7160173084	1.4587335672	0.4660180448	1.3834910704	1.3519377653	1.1941712397	0.9077643164	1.25727785	0.3252417604	1.3155301055	0.2087372492	1.2135886583	0.2014557173	1.111647211	0.2572807955	1.0242688276	0.8883468978	1.0606764873	1.2111614809	1.0995113244	1.8762080657	1.0461134234	2.7281473038	1.2305788995
1.5946554969	1.2281517222	1.0024242317	1.2281517222	1.8058199235	0.9053371391	1.4053356663	0.9077643164	0.7014542445	1.1674722892	0.4393190943	1.1067928563	1.395626957	0.8349489969	0.8689294793	0.9368904442	0.2548536182	1.0436862461	0.1165045112	0.9490263308	0.1043686246	0.8470848835	0.1601937029	0.7451434362	0.8786381886	0.7232988403	1.2427147861	0.7378619042	1.9344603213	0.6334932796	2.8203800418	0.774269564
1.5133819951	1.3503649635	0.9829683698	1.3454987835	1.6812652068	1.0486618005	1.3357664234	1.0413625304	0.6593673966	1.2773722628	0.4136253041	1.2214111922	1.3187347932	0.9829683698	0.8150851582	1.0729927007	0.2481751825	1.1532846715	0.1338199513	1.0681265207	0.1240875912	0.9756690998	0.1824817518	0.8783454988	0.798053528	0.8710462287	1.1922141119	0.8880778589	1.8223844282	0.7907542579	2.6082725061	0.9537712895
1.4587206769	1.1528990375	1.0461041793	1.1480447257	1.6140586525	0.8834847361	1.3300814159	0.8834847361	0.7354282281	1.0897929849	0.5145570441	1.0412498675	1.3106641689	0.830087307	0.8689218009	0.9053291389	0.3762091596	0.9757166591	0.2669871455	0.8834847361	0.2694143014	0.8155243718	0.3300931981	0.7087295136	0.8956205154	0.7232924488	1.1553261933	0.7475640075	1.7499793811	0.682030799	2.4028843097	0.8276601511
1.4732966311	1.3519377653	0.9611622173	1.3009670416	1.6723251711	1.0825210832	1.3276659921	1.050967778	0.667473762	1.2014527717	0.4223288531	1.1286374522	1.3155301055	0.9830068132	0.8179587557	1.0266960049	0.2645623275	1.0339775368	0.1699024122	0.9368904442	0.1893198307	0.8373761742	0.2597079729	0.7548521454	0.8640751247	0.8228131103	1.203879949	0.8762110113	1.7815481503	0.8543664154	2.5703807782	1.0995113244
1.5	1.2669902913	1.104368932	1.2694174757	1.6359223301	1.0558252427	1.390776699	1.0388349515	0.8495145631	1.2111650485	0.6577669903	1.1553398058	1.3859223301	0.9927184466	0.9927184466	1.0485436893	0.5412621359	1.1019417476	0.4441747573	1.0242718447	0.4490291262	0.9441747573	0.5072815534	0.8567961165	0.9854368932	0.8810679612	1.286407767	0.9101941748	1.7839805825	0.8640776699	2.3980582524	1.0097087379
1.677184466	1.3737864078	1.2402912621	1.3859223301	1.8155339806	1.1334951456	1.5412621359	1.1310679612	0.9611650485	1.3470873786	0.7524271845	1.3009708738	1.5266990291	1.0849514563	1.1480582524	1.1577669903	0.609223301	1.2330097087	0.5121359223	1.1480582524	0.5169902913	1.0606796117	0.5752427184	0.9830097087	1.1286407767	0.9805825243	1.4441747573	1.0024271845	1.9878640777	0.9247572816	2.6213592233	1.0485436893
1.4562720736	1.621316242	0.9757022893	1.6285976023	1.601899281	1.3737499894	1.2839465449	1.3761771096	0.6868749947	1.5727738395	0.4732884239	1.5290856773	1.2693838242	1.3276347071	0.8470649228	1.4004483108	0.3470781775	1.4732619145	0.2257221714	1.3883127102	0.2305764117	1.3106448662	0.296108655	1.2281227821	0.8689090039	1.2281227821	1.1431735778	1.2475397431	1.6407332029	1.1722990193	2.3397437983	1.3033635059
1.5544794189	1.4309927361	1.0605326877	1.4430992736	1.7167070218	1.1573849879	1.387409201	1.1525423729	0.7263922518	1.4043583535	0.5060532688	1.3559322034	1.3777239709	1.0895883777	0.9031476998	1.1985472155	0.3123486683	1.2784503632	0.2251815981	1.1937046005	0.2300242131	1.1089588378	0.2978208232	1.01937046	0.8958837772	1.00968523	1.2300242131	1.0290556901	1.8305084746	0.9273607748	2.602905569	1.0266343826
1.5975609756	1.3414634146	1.2195121951	1.3365853659	1.7195121951	1.1317073171	1.4707317073	1.1243902439	0.9682926829	1.2804878049	0.7682926829	1.2341463415	1.4585365854	1.0731707317	1.0829268293	1.1292682927	0.643902439	1.1707317073	0.543902439	1.0853658537	0.556097561	1.0292682927	0.6268292683	0.9463414634	1.0975609756	0.9682926829	1.3634146341	0.9975609756	1.856097561	0.9585365854	2.3829268293	1.0902439024
1.8077858881	1.4355231144	1.2749391727	1.4379562044	1.9416058394	1.1678832117	1.6155717762	1.1581508516	0.9635036496	1.3844282238	0.7080291971	1.3211678832	1.5936739659	1.0875912409	1.1459854015	1.1800486618	0.5523114355	1.2506082725	0.4403892944	1.1630170316	0.4233576642	1.0827250608	0.4890510949	0.9708029197	1.1776155718	0.9854014599	1.4720194647	1.0072992701	2.0875912409	0.9416058394	2.8540145985	1.0656934307
1.771839441	1.4247530848	1.3689280065	1.4101900209	1.8931983069	1.2135886583	1.6116457382	1.1868897078	1.0922297924	1.3373747014	0.8956284298	1.2815496231	1.5995098516	1.1334918068	1.2111614809	1.1868897078	0.774269564	1.2160158356	0.6796096486	1.1383461614	0.6965998898	1.050967778	0.7475706135	0.9830068132	1.2305788995	1.0072785864	1.4805781631	1.0436862461	2.0679550737	1.0072785864	2.6941668213	1.1723266439
1.6626213592	1.5121359223	1.140776699	1.5266990291	1.7669902913	1.2111650485	1.4538834951	1.2257281553	0.8155339806	1.463592233	0.5922330097	1.4174757282	1.4466019417	1.1626213592	0.932038835	1.2718446602	0.4368932039	1.3422330097	0.3155339806	1.2524271845	0.317961165	1.1480582524	0.3980582524	1.0339805825	0.9611650485	1.0533980583	1.3058252427	1.072815534	1.9466019417	0.9733009709	2.6941747573	1.0922330097
1.5849514563	1.4684466019	1.1553398058	1.4733009709	1.7524271845	1.2233009709	1.4393203883	1.2257281553	0.8640776699	1.4247572816	0.6723300971	1.3859223301	1.432038835	1.1747572816	1.0412621359	1.2451456311	0.5412621359	1.3252427184	0.4441747573	1.2475728155	0.4466019417	1.1699029126	0.4975728155	1.0970873786	1.0655339806	1.0898058252	1.3276699029	1.0995145631	1.8980582524	1.0121359223	2.5655339806	1.1189320388
1.5582478372	1.3325203468	1.1456276934	1.3519377653	1.7232958947	1.0752395512	1.4101900209	1.0800939058	0.8300946422	1.3228116375	0.6237845703	1.2864039777	1.388345425	1.0266960049	0.9878611678	1.1286374522	0.4563093355	1.2330060768	0.3519407109	1.1747538212	0.3349504697	1.0970841471	0.3810668387	0.9951426998	0.9563078627	0.9417447988	1.2742680912	0.9465991534	1.8470819379	0.8252402876	2.553390537	0.9490263308
1.7274734644	1.4282069346	1.3260183635	1.3892779551	1.9367167291	1.1362395885	1.6155526484	1.11920816	1.0535155071	1.3260183635	0.7956110181	1.2578926494	1.6131195871	1.0462163235	1.1703024456	1.1289404049	0.6423281614	1.1824677517	0.525541223	1.0973106091	0.5279742842	1.0170195889	0.5766355085	0.9269963238	1.1800346904	0.9367285687	1.5011987711	0.9659253033	2.1775897896	0.895366528	2.8272171346	1.0608146908
1.4708694538	1.4004813116	1.0218416502	1.4223259075	1.6456262206	1.1310646295	1.3131029282	1.15776358	0.7694152093	1.3907726024	0.5776682013	1.3616464746	1.2864039777	1.104365679	0.8834925432	1.2135886583	0.4393190943	1.3131029282	0.330096115	1.2330060768	0.3252417604	1.15776358	0.3616494202	1.0776667285	0.8300946422	1.0412590688	1.1650451119	1.0339775368	1.8033927462	0.9150458483	2.3859153021	1.004851409
1.7499948452	1.4902868723	1.3398018787	1.4927140497	1.8203829874	1.303394219	1.5679565465	1.2985398643	1.0800939058	1.4368889714	0.8834925432	1.3859182477	1.5558206599	1.2548506726	1.1990255944	1.303394219	0.7791239186	1.342229056	0.6965998898	1.2694137365	0.6965998898	1.203879949	0.7330075496	1.1359189841	1.1893168851	1.1432005161	1.4708694538	1.1723266439	1.9441690305	1.1359189841	2.5266915865	1.2669865592
1.5255474453	1.4939172749	1.104622871	1.496350365	1.7080291971	1.197080292	1.3746958637	1.2068126521	0.7153284672	1.4379562044	0.5182481752	1.396593674	1.3746958637	1.1362530414	0.9294403893	1.2262773723	0.3406326034	1.3430656934	0.2116788321	1.2603406326	0.2068126521	1.1727493917	0.2554744526	1.0705596107	0.9367396594	1.0389294404	1.2603406326	1.0535279805	1.8661800487	0.9586374696	2.6472019465	1.102189781
1.6067771848	1.3058098572	1.1941606872	1.3155184806	1.7451250693	1.0533856469	1.475710768	1.0582399586	0.9101834506	1.2645482074	0.7038752018	1.2184322459	1.4660021445	1.0024153736	1.0412498675	1.0897929849	0.5485372262	1.1577533492	0.4465966798	1.0825115173	0.4441695239	0.995133906	0.5024212647	0.9126106065	1.0121239971	0.9101834506	1.3519258187	0.9271735417	1.8689100186	0.8616403333	2.5412321942	0.9757166591
1.604368932	1.1917475728	1.1067961165	1.1747572816	1.7985436893	0.8834951456	1.4684466019	0.8737864078	0.7597087379	1.104368932	0.5145631068	1.0412621359	1.4708737864	0.817961165	0.9417475728	0.8932038835	0.359223301	0.9733009709	0.2402912621	0.8883495146	0.2378640777	0.8009708738	0.2912621359	0.6868932039	0.9757281553	0.6941747573	1.3082524272	0.7184466019	2.0072815534	0.6529126214	2.7936893204	0.8276699029
1.8179558101	1.5436847733	1.4053356663	1.5218401774	1.9732951583	1.303394219	1.6674708164	1.2839768004	1.1456276934	1.4538792126	0.9271817349	1.3980541343	1.6650436391	1.2402876087	1.2402876087	1.296112687	0.7936869825	1.3300931694	0.7014542445	1.2475691407	0.6941727125	1.1747538212	0.7499977908	1.0849482605	1.2402876087	1.1092200336	1.5582478372	1.1553364027	2.070382251	1.1092200336	2.7063027079	1.2669865592
1.4209245742	1.4184914842	0.9562043796	1.4622871046	1.503649635	1.1727493917	1.2530413625	1.1703163017	0.6545012165	1.4184914842	0.4574209246	1.3771289538	1.2262773723	1.1192214112	0.8077858881	1.2214111922	0.3138686131	1.3163017032	0.2165450122	1.2360097324	0.2141119221	1.1411192214	0.2652068127	1.0437956204	0.8077858881	1.0267639903	1.1240875912	1.0316301703	1.7420924574	0.9367396594	2.399026764	1.0413625304
1.4684293004	1.6164858083	0.9999882178	1.5776513144	1.6334758994	1.3227999482	1.3373628835	1.3033827013	0.6723221755	1.4951280149	0.4635867709	1.419886183	1.3252271041	1.2475581163	0.8786304243	1.3058098572	0.3228117305	1.3373628835	0.2330069634	1.2451309605	0.240288431	1.1504718816	0.2985401718	1.0606671145	0.8810575802	1.1164916994	1.21600509	1.1504718816	1.8203669013	1.1116373877	2.4951162327	1.291246922
1.8106582778	1.3179456365	1.4174590271	1.3009555454	1.9441518505	1.1116373877	1.6723103933	1.0825115173	1.1310546347	1.2378494929	0.9611537239	1.1747434403	1.6626017698	1.0266869323	1.2766839868	1.0800843614	0.8422230863	1.1019287642	0.7499911633	1.014551153	0.7572726309	0.9465907887	0.8009614366	0.866494645	1.2815382985	0.9053291389	1.5727970027	0.9514451004	2.0946355144	0.9296006976	2.6795800787	1.1140645436
1.4306569343	1.4136253041	0.9489051095	1.3868613139	1.6228710462	1.097323601	1.2652068127	1.0875912409	0.5815085158	1.3138686131	0.3479318735	1.2457420925	1.2457420925	1.0316301703	0.7688564477	1.104622871	0.1630170316	1.1581508516	0.0535279805	1.0632603406	0.0437956204	0.9756690998	0.1094890511	0.8637469586	0.7931873479	0.8856447689	1.1070559611	0.9270072993	1.7785888078	0.8491484185	2.6301703163	1.0340632603
1.4902737032	1.3616344421	1.0218326206	1.3761973774	1.6626017698	1.0946472966	1.3422171952	1.0946472966	0.701448046	1.3227999482	0.4781497061	1.2863926102	1.3300814159	1.0412498675	0.8543588657	1.1407632581	0.3349475098	1.2257137135	0.2087354047	1.1286274788	0.2111625605	1.0606671145	0.2499970544	0.9708623473	0.8567860215	0.9490179445	1.199014999	0.958726568	1.7742509398	0.8470773981	2.5727852204	0.9538722563
1.725723072	1.5291217094	1.2524234953	1.8009655688	1.6941697669	1.1359189841	1.2985398643	1.3786367158	0.8616479474	1.9611592717	0.5898040879	2.0606735417	1.2427147861	1.3203844602	0.8713566566	1.6747523484	0.3665037748	2.1043627334	0.2014557173	2.0970812015	0.1310675751	2.01698435	0.1043686246	1.8980526615	0.728153195	1.4611607445	1.0946569697	1.2815496231	1.7038784762	0.7961141598	2.6844581121	0.4004842572
1.5194174757	1.5558252427	0.9733009709	1.5606796117	1.7160194175	1.2184466019	1.2815533981	1.2451456311	0.6480582524	1.4975728155	0.4053398058	1.4344660194	1.2669902913	1.1723300971	0.7912621359	1.2839805825	0.2208737864	1.359223301	0.0849514563	1.2694174757	0.0703883495	1.1844660194	0.1334951456	1.0533980583	0.7888349515	1.0339805825	1.1626213592	1.0606796117	1.8737864078	0.9684466019	2.7985436893	1.0898058252
1.5485436893	1.6165048544	1.0631067961	1.5776699029	1.7645631068	1.286407767	1.390776699	1.286407767	0.7427184466	1.4902912621	0.4854368932	1.4296116505	1.3786407767	1.2233009709	0.9101941748	1.2936893204	0.3131067961	1.3398058252	0.2063106796	1.2524271845	0.1917475728	1.1723300971	0.2451456311	1.0655339806	0.9053398058	1.0703883495	1.2815533981	1.109223301	1.9708737864	1.0752427184	2.7548543689	1.2621359223
1.5436711323	1.3397900393	1.0388227117	1.3009555454	1.7135720431	1.0266869323	1.308237013	1.0121239971	0.7135838253	1.2135779342	0.4951397971	1.1577533492	1.3009555454	0.9490179445	0.8616403333	1.0194054647	0.2985401718	1.0703757379	0.1893181577	0.9829981267	0.1699009108	0.8907662037	0.2330069634	0.7863985013	0.9053291389	0.8033885924	1.2257137135	0.8397959304	1.9028902008	0.7912528131	2.7111331049	0.9635808797
1.6489055781	1.4648867471	1.1210620891	1.4334098417	1.8837717177	1.1404324923	1.4987849528	1.1283259903	0.7869226327	1.3535069283	0.5133156866	1.2953957185	1.4745719487	1.0605295789	0.9394645584	1.1476963936	0.3510885592	1.2203354058	0.2203383372	1.1380111919	0.2009679339	1.0605295789	0.2421300408	0.9515710605	0.9176728548	0.9273580564	1.3728773315	0.9588349617	2.0532627463	0.8934598507	2.9225095929	1.0750573813
1.4514392093	1.5412439764	0.9441636328	1.4999823266	1.6480388346	1.2766839868	1.2985283896	1.2596938957	0.6067889671	1.4077504036	0.3907720948	1.3325085717	1.2961012337	1.1917335314	0.8228058394	1.2402766487	0.240288431	1.2451309605	0.1504836638	1.1528990375	0.1601922873	1.0606671145	0.2257254958	0.9757166591	0.8931933596	1.0533856469	1.1747434403	1.1092102318	1.7936681867	1.0703757379	2.5557951294	1.2694025191
1.3913013659	1.2028959726	1.0124201904	1.4658353676	1.4244275889	0.8674929648	1.1283619709	1.0600391359	0.7142841834	1.5921290928	0.5113860675	1.6645927056	1.0973061368	1.0207017461	0.7826070183	1.3250489199	0.3478253415	1.6956485397	0.2422355057	1.6811558171	0.1863350044	1.6231849269	0.1759830597	1.5320878136	0.7204953502	1.1345731377	0.9668716337	0.9896459121	1.4264979778	0.6024831808	2.0890224378	0.3333326189
1.3043478261	1.2877846791	0.8467908903	1.0600414079	1.6107660455	1.1097308489	1.3209109731	0.9606625259	0.5714285714	0.8530020704	0.3726708075	0.6915113872	1.3291925466	0.8944099379	0.7950310559	0.7412008282	0.2443064182	0.5403726708	0.1966873706	0.4223602484	0.2298136646	0.3457556936	0.314699793	0.2774327122	0.9047619048	0.5590062112	1.215320911	0.7432712215	1.8633540373	0.9751552795	2.4347826087	1.4389233954
1.4057971014	0.9606625259	0.8861283644	0.8737060041	1.5921325052	0.6873706004	1.198757764	0.6335403727	0.5527950311	0.7784679089	0.3002070393	0.6997929607	1.1801242236	0.5652173913	0.6894409938	0.602484472	0.1469979296	0.6066252588	0.0289855072	0.4989648033	0.033126294	0.3954451346	0.1014492754	0.3002070393	0.7246376812	0.3788819876	1.066252588	0.4451345756	1.7805383023	0.4699792961	2.5527950311	0.7639751553
1.5929752066	1.2479338843	1.1694214876	1.5144628099	1.555785124	0.9111570248	1.2438016529	1.1074380165	0.8388429752	1.6239669421	0.6115702479	1.694214876	1.1983471074	1.0495867769	0.9008264463	1.3285123967	0.4297520661	1.7169421488	0.2933884298	1.7004132231	0.2396694215	1.632231405	0.229338843	1.541322314	0.826446281	1.1508264463	1.0805785124	1.0041322314	1.5867768595	0.6012396694	2.3409090909	0.291322314
1.563772767	1.6213854479	1.1131592986	1.6255006394	1.7222076394	1.3559555966	1.3394948307	1.3641859796	0.8189231069	1.5658303627	0.5967027663	1.5287936393	1.3312644477	1.3148036817	0.92386049	1.3991651073	0.4485558726	1.4670657669	0.3333305109	1.3868195328	0.3436184896	1.2942277242	0.4012311705	1.2036935114	0.9218028942	1.2016359157	1.2345574476	1.2242694689	1.8250874267	1.1337352561	2.5123244059	1.2736517668
1.1594202899	1.2939958592	0.7225672878	0.9772256729	1.5403726708	1.1780538302	1.2277432712	0.9606625259	0.5155279503	0.7556935818	0.3374741201	0.5569358178	1.2505175983	0.9047619048	0.7556935818	0.6790890269	0.248447205	0.4078674948	0.2132505176	0.2753623188	0.2567287785	0.1925465839	0.3623188406	0.149068323	0.8571428571	0.4906832298	1.2028985507	0.751552795	1.7867494824	1.0517598344	2.4140786749	1.6997929607
1.4037267081	1.6231884058	0.9544513458	1.602484472	1.5403726708	1.3747412008	1.2215320911	1.3374741201	0.5776397516	1.5175983437	0.3664596273	1.4575569358	1.2173913043	1.281573499	0.7660455487	1.3416149068	0.2236024845	1.3726708075	0.1283643892	1.2836438923	0.1262939959	1.1842650104	0.1904761905	1.1055900621	0.7867494824	1.1387163561	1.149068323	1.1801242236	1.7619047619	1.1511387164	2.5072463768	1.3374741201
1.486539257	1.2153183062	1.0621095249	1.1966848058	1.6749446503	0.9730828006	1.3913013659	0.9440973554	0.7784662404	1.1200804151	0.5527938463	1.0538279691	1.3830198102	0.8881968541	0.9171822992	0.9461677444	0.4057962317	0.9896459121	0.3022767849	0.9047599656	0.3022767849	0.8343667418	0.3271214521	0.7681142958	0.9047599656	0.7681142958	1.256726085	0.8053812966	1.9420248232	0.7411992396	2.5652118934	0.9130415214
1.2857142857	1.6066252588	0.8364389234	1.5320910973	1.4327122153	1.4057971014	1.1387163561	1.3395445135	0.5258799172	1.4099378882	0.3291925466	1.314699793	1.1366459627	1.2877846791	0.701863354	1.265010352	0.198757764	1.2236024845	0.115942029	1.1200828157	0.1304347826	1.0414078675	0.2028985507	0.9648033126	0.7432712215	1.0786749482	1.0517598344	1.1739130435	1.6501035197	1.231884058	2.3002070393	1.5010351967
1.7520623761	1.2871873353	1.2892534465	1.5723106936	1.7314012631	0.960741751	1.4008234563	1.1549562125	0.9483450833	1.6859468147	0.7128083959	1.7396657083	1.3656995644	1.0909067625	1.0041300882	1.3966912338	0.5433872699	1.7603268212	0.3925611456	1.7396657083	0.3223133616	1.6632195905	0.3264455842	1.5351206904	0.896692301	1.2107412174	1.2210717739	1.0557828705	1.7913184906	0.6363622781	2.5247879995	0.4173544811
1.4678963184	1.2567180046	1.0848768277	1.602470734	1.4264888059	0.933739407	1.1739029796	1.155269599	0.8074464939	1.7681007841	0.5797051751	1.890252946	1.1304250915	1.1180028377	0.8074464939	1.519655709	0.4140751251	1.9275197072	0.2836414607	1.9192382047	0.2194598163	1.857126936	0.2091079382	1.7515377791	0.6997869614	1.3519552834	0.9751469195	1.1490584721	1.420277679	0.6563090732	2.0496718691	0.2939933388
1.4833897197	0.8941831737	1.0103647461	0.9792446821	1.5684512281	0.6078785844	1.2800719679	0.655596016	0.6950147638	0.983394024	0.4833983282	0.9688713274	1.2551759166	0.6037292426	0.8132710071	0.7717775884	0.3112006405	0.9336019215	0.1867203843	0.8651377806	0.1742723587	0.7738522594	0.2074670937	0.6742680544	0.7821509431	0.5829825332	1.1265463186	0.5394144435	1.6742594458	0.3630674139	2.4086929574	0.3423207045
1.7871900826	1.382231405	1.3698347107	1.6962809917	1.7541322314	1.0351239669	1.4690082645	1.229338843	1.0619834711	1.8326446281	0.8202479339	1.9380165289	1.423553719	1.2024793388	1.0785123967	1.5578512397	0.6487603306	1.9731404959	0.5061983471	1.9628099174	0.4545454545	1.8946280992	0.4462809917	1.7871900826	0.9545454545	1.3966942149	1.2933884298	1.173553719	1.7396694215	0.7417355372	2.5020661157	0.3698347107
1.1244716476	1.2738479551	0.7510308791	1.3049680191	1.1970851304	1.0580821777	0.9647219855	1.0643061905	0.4979210248	1.275922626	0.3008272858	1.2468772329	0.9543486308	1.0186634299	0.5788331913	1.1161729639	0.1576749912	1.2033091432	0.06638947	1.1472930279	0.0601654572	1.078828887	0.1058082178	0.9937673786	0.5331904307	0.9647219855	0.8319430456	0.9626473146	1.2821466388	0.8692871224	1.9003985779	0.9273779087
1.0206524431	1.4276737615	0.6115650266	1.0991641695	1.3016417796	1.2954434854	1.0351151295	1.0702387966	0.4111535145	0.8471002058	0.2479317675	0.6487547917	1.0619744043	1.0144541489	0.6590852821	0.7954477542	0.1673539431	0.493797437	0.1363624722	0.3656993571	0.1797505315	0.2913198269	0.2768571404	0.2417334734	0.787183362	0.6446225956	1.0537100121	0.8822238729	1.5826311162	1.2066012687	2.0722963571	1.8099019031
1.4451314783	1.3271193088	0.9420269665	1.3022746416	1.6604519278	1.0372648576	1.3064154195	1.0186313572	0.6459613485	1.2256702509	0.4161481764	1.1656289717	1.2960634748	0.9544493001	0.8322963528	1.0331240797	0.2401651167	1.0952357479	0.1097306137	1.0103498014	0.1138713916	0.9399565776	0.1759830597	0.8405779086	0.8571410201	0.8488594643	1.1987551947	0.8737041316	1.7743233193	0.8178036303	2.5527895598	1.0082794125
1.6	1.1546391753	1.0701030928	1.406185567	1.581443299	0.7835051546	1.1958762887	0.987628866	0.7319587629	1.5010309278	0.4762886598	1.5731958763	1.1567010309	0.9237113402	0.7422680412	1.2618556701	0.2639175258	1.6041237113	0.1051546392	1.5690721649	0.0371134021	1.4969072165	0.0432989691	1.3587628866	0.6783505155	1.018556701	0.9711340206	0.8886597938	1.6432989691	0.4577319588	2.4412371134	0.2783505155
1.3726590396	1.1573399746	1.0703841983	1.4285591815	1.3126181465	0.8757688895	1.0890175789	1.0993694571	0.8322910014	1.569344724	0.6625202001	1.6645820028	1.0434693152	1.0641730714	0.8260798745	1.3726590396	0.5155235307	1.7204821447	0.3954417444	1.7246228959	0.3540342319	1.6832153834	0.3229785976	1.5796966022	0.7080684639	1.2318734971	0.9151060264	1.0786657008	1.287773639	0.6500979464	1.8260713016	0.3395416026
1.1683966434	1.3076894816	0.7027011841	1.0353407978	1.4511403151	1.1122637085	1.1205796989	0.918916933	0.4345104955	0.808730061	0.2577957007	0.6320152662	1.1392906771	0.858626003	0.6985431889	0.7068591793	0.1683988045	0.4948014255	0.1143448672	0.3596665824	0.1600828141	0.2785856765	0.2453217152	0.2099787562	0.8212040465	0.5384603748	1.0665257616	0.7047801817	1.7318049892	0.9708918727	2.4012422119	1.5301422233
1.5394190871	1.3008298755	1.0622406639	1.5248962656	1.5082987552	0.9937759336	1.1804979253	1.1369294606	0.6721991701	1.6244813278	0.4253112033	1.6618257261	1.1410788382	1.0705394191	0.7302904564	1.3692946058	0.2323651452	1.6659751037	0.0663900415	1.6348547718	0.0082987552	1.5456431535	0.0228215768	1.4232365145	0.6307053942	1.1597510373	1.0186721992	1.0124481328	1.5497925311	0.6721991701	2.3692946058	0.4481327801
1.4865424431	1.2629399586	0.983436853	1.2670807453	1.5983436853	0.9792960663	1.265010352	0.983436853	0.6604554865	1.2173913043	0.4223602484	1.1573498965	1.265010352	0.9233954451	0.801242236	1.0186335404	0.265010352	1.0931677019	0.1552795031	1.0186335404	0.1449275362	0.9378881988	0.1863354037	0.8385093168	0.850931677	0.8260869565	1.1677018634	0.8364389234	1.7556935818	0.7267080745	2.5610766046	0.8260869565
1.5060532688	1.4503631961	1.0169491525	1.3559322034	1.7384987893	1.1937046005	1.3704600484	1.1355932203	0.6973365617	1.2421307506	0.4963680387	1.1573849879	1.3777239709	1.0677966102	0.9443099274	1.0799031477	0.3486682809	1.0605326877	0.2615012107	0.9636803874	0.2711864407	0.8813559322	0.3147699758	0.813559322	0.9757869249	0.8861985472	1.2711864407	0.9564164649	1.9394673123	0.985472155	2.7723970944	1.2857142857
1.5752427184	1.2815533981	1.0825242718	1.3009708738	1.7791262136	0.9902912621	1.4150485437	1.0024271845	0.7378640777	1.2402912621	0.5	1.1893203883	1.4053398058	0.932038835	0.963592233	1.0145631068	0.3373786408	1.1116504854	0.2257281553	1.0242718447	0.213592233	0.9296116505	0.2475728155	0.8373786408	1.0048543689	0.8155339806	1.2694174757	0.8276699029	1.9975728155	0.7402912621	2.7669902913	0.9223300971
1.7014512989	1.6601892845	1.2742680912	1.6529077525	1.8883439522	1.3931997797	1.5703837238	1.3859182477	0.9805796359	1.5946554969	0.7597065001	1.5461119506	1.5631021918	1.3179572829	1.1529092253	1.4029084889	0.6165030384	1.487859695	0.4999985272	1.4029084889	0.4951441726	1.3203844602	0.5339790096	1.2257245448	1.1359189841	1.1990255944	1.449024858	1.2281517222	2.0485376551	1.1529092253	2.7572734316	1.3252388148
1.4188861985	1.3196125908	0.9830508475	1.3244552058	1.5496368039	1.0944309927	1.2566585956	1.0823244552	0.6900726392	1.2615012107	0.4963680387	1.1888619855	1.2445520581	1.0266343826	0.8523002421	1.0847457627	0.3753026634	1.1259079903	0.2808716707	1.0508474576	0.2857142857	0.9564164649	0.3244552058	0.9007263923	0.8474576271	0.9055690073	1.1525423729	0.9418886199	1.6803874092	0.8861985472	2.3607748184	1.0484261501
1.6844660194	1.6990291262	1.1334951456	1.640776699	1.9053398058	1.3932038835	1.5558252427	1.3616504854	0.7621359223	1.5291262136	0.5461165049	1.4441747573	1.5558252427	1.2888349515	1.036407767	1.3276699029	0.395631068	1.3567961165	0.286407767	1.2572815534	0.2839805825	1.1868932039	0.3373786408	1.0849514563	1.0582524272	1.1286407767	1.4199029126	1.1723300971	2.1213592233	1.1286407767	2.9854368932	1.3810679612
1.4624525858	1.6174144492	0.9370350177	1.5617250296	1.6779464271	1.3171758389	1.3656014212	1.2832779313	0.5980559416	1.4600313067	0.3631918673	1.3680227003	1.3704439794	1.2251672325	0.8426051322	1.2639076983	0.2227576786	1.2832779313	0.1307490722	1.2009544413	0.1234852349	1.1283160679	0.1961236084	1.026622345	0.8813455981	1.0653628109	1.2106395578	1.1113671141	1.9515509672	1.06778409	2.7602581918	1.2905417686
1.4781509858	1.5752380784	1.012132941	1.5558206599	1.6456262206	1.3009670416	1.3665008292	1.3009670416	0.7111629537	1.4805781631	0.5145615911	1.4174715528	1.3592192972	1.2402876087	0.9538806854	1.2985398643	0.4053386119	1.3519377653	0.3058243419	1.2669865592	0.3082515192	1.1917440624	0.3616494202	1.104365679	0.9417447988	1.1213559202	1.2257245448	1.150482048	1.7621307318	1.0970841471	2.4854295721	1.2548506726
1.6150073724	1.1961224017	1.1888585005	1.1840158997	1.7796558001	0.9491497601	1.4866784507	0.9394645584	0.9128302539	1.1331685911	0.7070197192	1.0702147805	1.4818358499	0.8934598507	1.1016916858	0.9539923609	0.5835333984	1.0121035707	0.4963665837	0.9418858588	0.4987878841	0.8668255462	0.5472138923	0.7893439331	1.0605295789	0.7869226327	1.3704560311	0.8135569372	1.8426096108	0.753024427	2.5423654288	0.8983024515
1.6844660194	1.3470873786	1.2645631068	1.3446601942	1.7888349515	1.1189320388	1.5218446602	1.1067961165	0.9830097087	1.2888349515	0.7718446602	1.2111650485	1.5194174757	1.0558252427	1.1601941748	1.1067961165	0.6553398058	1.1529126214	0.572815534	1.0922330097	0.567961165	1.0242718447	0.6262135922	0.9344660194	1.1601941748	0.9490291262	1.4150485437	0.9757281553	1.9344660194	0.9126213592	2.604368932	1.0558252427
1.5423547966	1.3147545598	1.1815842084	1.2687502566	1.7094230556	1.0944181603	1.4600313067	1.06778409	0.9370350177	1.2009544413	0.7699667588	1.1501075799	1.4648738649	1.0314649032	1.0847330438	1.0605202526	0.6246900118	1.0871543229	0.5278388472	1.004830833	0.5326814054	0.9249286222	0.5617367548	0.8619753652	1.0750479273	0.8982945519	1.3631801421	0.9394562969	1.8910189893	0.9152435057	2.4212791156	1.0798904856
1.5423728814	1.4697336562	1.0556900726	1.4673123487	1.6924939467	1.1573849879	1.411622276	1.1525423729	0.7215496368	1.416464891	0.4648910412	1.3656174334	1.392251816	1.0992736077	0.9079903148	1.205811138	0.3026634383	1.3002421308	0.2033898305	1.2324455206	0.1791767554	1.1525423729	0.210653753	1.0411622276	0.8789346247	0.9975786925	1.2687651332	1.0072639225	1.8644067797	0.9104116223	2.6973365617	1.0677966102
1.4732966311	1.5291217094	1.004851409	1.5121314682	1.6262088021	1.2402876087	1.3228116375	1.2232973675	0.667473762	1.449024858	0.429610385	1.388345425	1.3179572829	1.1723266439	0.8640751247	1.2475691407	0.2888341007	1.3179572829	0.19902854	1.2402876087	0.1820382987	1.1820353531	0.237863377	1.0655308419	0.8616479474	1.0461134234	1.1990255944	1.0679580193	1.8033927462	0.9975698771	2.6237786791	1.1771809985
1.5679565465	1.5291217094	1.0461134234	1.5218401774	1.7208687174	1.2402876087	1.3859182477	1.2232973675	0.6796096486	1.4635879219	0.4611636901	1.4004813116	1.3689280065	1.1601907573	0.8883468978	1.2548506726	0.3203874058	1.3252388148	0.2135916039	1.2427147861	0.1966013626	1.1529092253	0.245144909	1.05824931	0.912618671	1.0461134234	1.2305788995	1.0679580193	1.8689265337	0.9830068132	2.6844581121	1.1019385017
1.5218401774	1.5145586455	0.9927155225	1.5436847733	1.686888235	1.1893168851	1.2766952685	1.2160158356	0.628638925	1.4975684043	0.3470863563	1.4538792126	1.2694137365	1.1480548707	0.7427162589	1.2791224458	0.1699024122	1.3762095385	0.0606794329	1.2864039777	0.0509707236	1.196598417	0.1067958019	1.0679580193	0.7597065001	1.0436862461	1.15776358	1.0461134234	1.8446547605	0.912618671	2.7257201264	0.9927155225
1.5158105984	1.3454948008	1.0462256137	1.3235970554	1.6423309052	1.0851549388	1.3284632211	1.0608241106	0.7639880063	1.2554707364	0.562042132	1.1946436659	1.316297807	1.0048632057	0.8759098161	1.0802887732	0.3917263344	1.1216511812	0.2652060277	1.0389263652	0.2749383589	0.9610677149	0.3308992639	0.8661774848	0.9197053069	0.8710436505	1.2092421628	0.90510681	1.8248121169	0.8467128222	2.591233206	1.0389263652
1.5218446602	1.432038835	1.0097087379	1.4174757282	1.6699029126	1.145631068	1.2985436893	1.1383495146	0.7014563107	1.3495145631	0.4708737864	1.2912621359	1.2839805825	1.072815534	0.854368932	1.1504854369	0.2791262136	1.2111650485	0.1699029126	1.1213592233	0.1553398058	1.0412621359	0.2111650485	0.932038835	0.8446601942	0.9417475728	1.1941747573	0.9733009709	1.8398058252	0.9199029126	2.6893203883	1.067961165
1.4574036692	1.5425608118	0.9440277524	1.5084979548	1.6398832605	1.2773571391	1.308986935	1.2603257106	0.593666937	1.4160416285	0.3941559172	1.3357506084	1.2968216289	1.1994991802	0.8248077527	1.2481604045	0.2506053054	1.2505934657	0.1557159179	1.1581371395	0.1532828567	1.0681138744	0.2214085708	0.9805236706	0.8759020383	1.0535155071	1.1849008129	1.1143420376	1.7931661172	1.0802791805	2.5620134619	1.2724910167
1.6116457382	1.6456262206	1.1189287429	1.6019370289	1.8276645193	1.3009670416	1.4004813116	1.296112687	0.7864054505	1.5266945321	0.4975713499	1.4732966311	1.388345425	1.2208701902	0.8859197205	1.3179572829	0.3009699872	1.395626957	0.1674752348	1.3058213963	0.1504849936	1.2087343036	0.2014557173	1.0946569697	0.912618671	1.0679580193	1.2597050273	1.0995113244	1.9999941088	1.0242688276	2.8737779427	1.2232973675
1.5121314682	1.4805781631	1.0364047141	1.4611607445	1.733004604	1.1868897078	1.3786367158	1.1674722892	0.6990270672	1.3762095385	0.4660180448	1.3082485736	1.3640736519	1.104365679	0.8810653659	1.1796081758	0.3179602285	1.2257245448	0.2087372492	1.1383461614	0.2087372492	1.050967778	0.2524264409	0.966016572	0.866502302	0.9732981039	1.25727785	1.004851409	1.9029070161	0.9441719761	2.691739644	1.1165015656
1.5291081971	1.5776513144	1.0897929849	1.584932782	1.6431845229	1.3130913248	1.383478845	1.3106641689	0.7766898779	1.5291081971	0.5509643821	1.475710768	1.3689159097	1.2548395839	0.9271735417	1.3470715069	0.424752277	1.419886183	0.3252388864	1.3397900393	0.3179574188	1.2669753633	0.368927692	1.179597752	0.902901983	1.1601805051	1.2524124281	1.179597752	1.8106582778	1.106783076	2.5193877913	1.2329951811
1.4951456311	1.359223301	1.0631067961	1.3616504854	1.6140776699	1.0922330097	1.3495145631	1.0873786408	0.7791262136	1.322815534	0.5800970874	1.2694174757	1.3373786408	1.0266990291	0.9029126214	1.1286407767	0.4368932039	1.2208737864	0.3422330097	1.1601941748	0.3252427184	1.067961165	0.3737864078	0.9805825243	0.890776699	0.9514563107	1.2354368932	0.9538834951	1.7839805825	0.8665048544	2.5315533981	0.9902912621
1.6844660194	1.5970873786	1.1796116505	1.6237864078	1.8131067961	1.3058252427	1.4708737864	1.317961165	0.8252427184	1.5849514563	0.567961165	1.5558252427	1.4538834951	1.2572815534	0.9805825243	1.3810679612	0.3980582524	1.5048543689	0.2718446602	1.427184466	0.2694174757	1.3325242718	0.317961165	1.2354368932	0.9368932039	1.1966019417	1.2985436893	1.1844660194	1.9927184466	1.0703883495	2.7451456311	1.0922330097
1.6650436391	1.6504805752	1.1529092253	1.6698979938	1.8179558101	1.342229056	1.4684422765	1.3567921199	0.8058228691	1.6237816247	0.5558236055	1.5752380784	1.4441705033	1.2985398643	0.9393176215	1.4150443755	0.4053386119	1.5121314682	0.2985428099	1.4368889714	0.2742710368	1.3470834107	0.3131058738	1.2524234953	0.9029099617	1.2063071263	1.3179572829	1.2087343036	1.9660136264	1.0825210832	2.7548462542	1.1990255944
1.6706972818	1.4309885413	1.1307472907	1.3946690352	1.8571374132	1.1065342866	1.5254192573	1.0992703854	0.7699735299	1.3147661217	0.5496351927	1.2469697103	1.518155356	1.0411591756	0.9951544678	1.1210620891	0.4116210694	1.174330698	0.3075051519	1.0823212825	0.2978199502	0.9951544678	0.3535098596	0.8813533486	1.0605295789	0.9031450523	1.3922477348	0.937043258	2.0290497422	0.8789320482	2.8450279798	1.0750573813
1.5096574318	1.4927492685	1.0313979574	1.4710102015	1.7004781311	1.1980641378	1.3671457702	1.1980641378	0.6980655964	1.4227011637	0.4710131187	1.371976674	1.3478221551	1.1304314849	0.8502390656	1.2318804643	0.3405787166	1.3188367324	0.2318833815	1.2415422719	0.2125597664	1.1545860038	0.2681151599	1.0603833801	0.840577258	1.0410597649	1.2125568492	1.0531370244	1.8019271105	0.973427112	2.654581628	1.1135233217
1.4671532847	1.5815085158	1.0218978102	1.5839416058	1.700729927	1.3698296837	1.3722627737	1.3430656934	0.7226277372	1.503649635	0.5133819951	1.4476885645	1.3576642336	1.2871046229	0.9343065693	1.3479318735	0.3673965937	1.3795620438	0.2798053528	1.301703163	0.2700729927	1.2238442822	0.3357664234	1.1313868613	0.9343065693	1.1581508516	1.2360097324	1.199513382	1.8248175182	1.1508515815	2.5669099757	1.3309002433
1.4344617941	1.4660150992	1.0315503595	1.5024227589	1.5218401774	1.2257245448	1.2742680912	1.2402876087	0.7645608547	1.4538792126	0.5849497333	1.4101900209	1.2645593819	1.1868897078	0.8422305288	1.2864039777	0.4563093355	1.3567921199	0.3592222428	1.2888311551	0.3398048243	1.2111614809	0.3810668387	1.1213559202	0.7597065001	1.111647211	1.1359189841	1.1165015656	1.6456262206	1.0291231822	2.1820324075	1.1480548707
1.4552888751	1.4178671612	1.0124652603	1.4095512248	1.6028967467	1.1746260206	1.2931281147	1.1642311001	0.7380393581	1.3534186539	0.4989561858	1.2889701465	1.2764962419	1.1101775133	0.8503044999	1.1787839888	0.3513483141	1.2141267187	0.2557150452	1.1372043067	0.2536360611	1.0644398629	0.3139266002	0.9667276099	0.8315936429	0.987517451	1.1683890683	1.0166232285	1.7733734435	0.9625696417	2.4843860082	1.1060195451
1.3690721649	1.1979381443	0.987628866	0.9896907216	1.6288659794	1.0536082474	1.3463917526	0.8865979381	0.7422680412	0.8	0.5670103093	0.6391752577	1.3546391753	0.8371134021	0.9690721649	0.7175257732	0.4907216495	0.5319587629	0.4412371134	0.4268041237	0.4680412371	0.3525773196	0.5402061856	0.2907216495	1.0721649485	0.5649484536	1.3010309278	0.7216494845	1.8268041237	0.9134020619	2.3793814433	1.3608247423
1.5217097779	1.3602222096	1.0724430816	1.399558925	1.6417902774	1.0952169694	1.3353779683	1.1097094435	0.7556790053	1.3643629165	0.5445029545	1.3250262011	1.3208854943	1.0517395472	0.9006037461	1.1738904001	0.3933671535	1.2691266583	0.2960605418	1.1904532276	0.273286654	1.1097094435	0.3167640762	1.0103324784	0.8405634964	0.9751364699	1.1904532276	0.9730661165	1.8260517335	0.8281413757	2.5341126097	0.8881816255
1.5755558509	1.4409814353	1.2505068777	1.7142710178	1.5155149578	1.1904659846	1.2794921365	1.3788701665	0.9917099246	1.857126936	0.7970946158	1.9420123366	1.238084624	1.3395330296	0.9772172952	1.6438782465	0.6459571951	1.9792790979	0.536227287	1.973067971	0.486538272	1.9213085803	0.4658345157	1.8136490478	0.8633466358	1.4989519528	1.1055805839	1.3395330296	1.4927408259	0.9420209095	2.1097127623	0.6149015607
1.3553458652	1.3346851051	0.9896504107	1.3532797892	1.4524514379	1.1239453516	1.1838615561	1.1260114277	0.7272587569	1.3098921929	0.5392458397	1.2727028247	1.1714651	1.0826238314	0.8202321776	1.1528704158	0.4194134309	1.2210509243	0.3202417822	1.1570025679	0.3119774781	1.0867559834	0.3594972264	0.9937825628	0.7933731894	0.9875843347	1.0536987672	1.0061790188	1.5640195426	0.9359324344	2.1218600664	1.0433683871
1.3457528093	1.5755659813	0.8902672431	1.6832262061	1.3933717548	1.3043450305	1.1138692483	1.354034365	0.6004127918	1.6977189286	0.3519661194	1.7060004844	1.0848838032	1.2939930858	0.7039322387	1.4761873123	0.1801238375	1.6687334835	0.0745340017	1.5983402596	0.0414077787	1.5134543132	0.0745340017	1.3995829217	0.627327848	1.289852308	0.9689420227	1.2360221956	1.5238062579	1.0062090236	2.2339496634	0.9937866899
1.1917120479	1.6020073723	0.7546135113	1.5793277313	1.3401606075	1.360778463	1.0494488449	1.3380988219	0.4639017487	1.5030416659	0.2494760515	1.4370645283	1.0453252738	1.2824306121	0.6205974505	1.3401606075	0.1298924896	1.3690256052	0.041235711	1.2844923976	0.0494828532	1.1999591901	0.0948421353	1.1154259825	0.6515242338	1.1504763369	0.948421353	1.1917120479	1.5092270226	1.1587234791	2.208172324	1.3360370364
1.4400795709	1.5785090275	0.9318161929	1.6280956985	1.5330545791	1.2913195578	1.2479312207	1.3140467821	0.6012383861	1.6074345856	0.3636355875	1.5764429162	1.2355345529	1.2582617772	0.776857846	1.384294566	0.2086772405	1.5165256887	0.1095038985	1.4400795709	0.0909088969	1.3409062289	0.134297234	1.2417328868	0.7314033976	1.1880139932	1.1012373189	1.1735512142	1.6962773712	1.045452314	2.4628046607	1.1177662093
1.1597485414	1.5248929837	0.7489610437	1.2925283386	1.4813246128	1.3340220252	1.2033169123	1.1846447534	0.4605799216	1.0726117994	0.2863064378	0.9170104746	1.2178397027	1.1265535921	0.7323635691	0.9813256889	0.1887962742	0.788380046	0.1369291659	0.6763470921	0.1680494309	0.6078825092	0.2510368041	0.5331938732	0.850620576	0.8215749953	1.1161801704	0.9751016359	1.7219879952	1.195018175	2.3277958201	1.6929424146
1.0829875519	1.4751037344	0.6556016598	1.2282157676	1.387966805	1.3091286307	1.1058091286	1.1410788382	0.3734439834	0.9917012448	0.2053941909	0.8319502075	1.1307053942	1.0809128631	0.6493775934	0.9170124481	0.112033195	0.7012448133	0.0663900415	0.5829875519	0.0954356846	0.5062240664	0.1804979253	0.4398340249	0.7614107884	0.7489626556	1.0684647303	0.9356846473	1.6680497925	1.1867219917	2.2593360996	1.7116182573
1.4854771784	1.3858921162	1.0560165975	1.5145228216	1.6058091286	1.0269709544	1.2966804979	1.1348547718	0.7468879668	1.5601659751	0.4813278008	1.5829875519	1.27593361	1.0767634855	0.8381742739	1.3195020747	0.3215767635	1.5539419087	0.2033195021	1.5041493776	0.1618257261	1.4315352697	0.1887966805	1.3049792531	0.7427385892	1.1369294606	1.0912863071	1.0456431535	1.7178423237	0.7510373444	2.479253112	0.6867219917
1.5516495807	1.2913195578	1.2086751061	1.5475173581	1.5619801372	0.946278972	1.3119806708	1.1239645431	0.9338823042	1.6632195905	0.7376017314	1.7355334857	1.2727245562	1.080576206	0.9545434172	1.4111540128	0.572312828	1.7603268212	0.4545444844	1.7561945987	0.4008255908	1.7066079276	0.388428923	1.6012362517	0.8243784057	1.2768567788	1.1136339867	1.0909067625	1.5557818033	0.692147283	2.1735490798	0.4111561472
1.3484278122	1.2803878768	0.9443118318	1.32780965	1.4453331749	1.0453408269	1.1876061466	1.0577117243	0.6721520899	1.2906969579	0.4989595269	1.2412133684	1.1834825141	1.0102899511	0.8288501231	1.0989480488	0.3649414721	1.1834825141	0.2700979257	1.1195662111	0.2618506608	1.055649908	0.3010251691	0.9649299941	0.791737431	0.9360645669	1.0803917028	0.9360645669	1.5731657809	0.8474064692	2.210266995	0.9216318533
