Females scaled values 80 aeg 80 alb
1.8033980583	1.5873786408	1.2912621359	1.9077669903	1.7645631068	1.1553398058	1.4247572816	1.3689320388	0.9053398058	2.072815534	0.5898058252	2.2063106796	1.3665048544	1.3131067961	0.9417475728	1.7524271845	0.3810679612	2.2548543689	0.213592233	2.2572815534	0.1432038835	2.1941747573	0.109223301	2.0582524272	0.8349514563	1.4805825243	1.2063106796	1.2645631068	1.7645631068	0.7572815534	2.6941747573	0.3689320388
1.5655339806	1.8422330097	1.0388349515	1.8276699029	1.7184466019	1.4660194175	1.3470873786	1.4684466019	0.6504854369	1.7645631068	0.3665048544	1.7087378641	1.322815534	1.4029126214	0.7645631068	1.5339805825	0.182038835	1.6286407767	0.0606796117	1.5388349515	0.0485436893	1.4368932039	0.0922330097	1.3155339806	0.8033980583	1.2694174757	1.2063106796	1.2791262136	1.890776699	1.1674757282	2.8398058252	1.3373786408
1.7451456311	1.5509708738	1.3009708738	1.7718446602	1.7233009709	1.1432038835	1.3786407767	1.3470873786	0.9368932039	1.9004854369	0.6480582524	1.9733009709	1.3325242718	1.2961165049	0.9684466019	1.5898058252	0.4247572816	2.0048543689	0.2451456311	1.9878640777	0.1796116505	1.9126213592	0.1650485437	1.7815533981	0.859223301	1.359223301	1.182038835	1.213592233	1.7839805825	0.7791262136	2.6747572816	0.4830097087
1.7111600081	1.5922283196	1.2281517222	1.7961112142	1.7572763772	1.2014527717	1.3859182477	1.3713551838	0.8446577061	1.8883439522	0.5849497333	1.9344603213	1.3446562333	1.3058213963	0.9101914937	1.6213544474	0.4004842572	1.9393146759	0.2330090224	1.9029070161	0.1771839441	1.832518874	0.1771839441	1.7063056535	0.8616479474	1.3859182477	1.2232973675	1.249996318	1.7524220225	0.9053371391	2.745137545	0.6334932796
1.5728109011	1.6383446886	1.104365679	1.5970826743	1.8009655688	1.3228116375	1.3907726024	1.2985398643	0.7354347269	1.5048499362	0.4951441726	1.4296074394	1.3834910704	1.2305788995	0.9296089122	1.2985398643	0.3276689377	1.3543649426	0.1966013626	1.2451419634	0.1771839441	1.1601907573	0.2160187812	1.0461134234	0.9004827844	1.0631036646	1.3349475241	1.1019385017	2.0048484634	1.0412590688	2.9053312479	1.2548506726
1.548525444	1.5776513144	1.0630942703	1.5266810412	1.7232806665	1.2596938957	1.3349357276	1.2378494929	0.682030799	1.4490120534	0.4223251211	1.3907603126	1.3325085717	1.1674619727	0.8859118919	1.2402766487	0.2427155868	1.3058098572	0.0970862347	1.1965878431	0.0898047671	1.106783076	0.1456293521	0.9975610619	0.8810575802	1.0121239971	1.271829675	1.0558128027	1.9247346036	0.9902795943	2.8494809894	1.21600509
1.818401937	1.4285714286	1.4237288136	1.7142857143	1.7336561743	1.0847457627	1.4455205811	1.2953995157	1.1065375303	1.8934624697	0.8595641646	2.0169491525	1.3946731235	1.2493946731	1.0799031477	1.6392251816	0.6731234867	2.0653753027	0.5157384988	2.0799031477	0.4455205811	2.0072639225	0.4140435835	1.8837772397	0.9322033898	1.4479418886	1.2421307506	1.2348668281	1.6924939467	0.7481840194	2.4794188862	0.3317191283
1.340956341	1.264033264	0.8856548857	1.2494802495	1.4844074844	0.9833679834	1.1600831601	0.9792099792	0.5862785863	1.182952183	0.3846153846	1.1288981289	1.1392931393	0.9189189189	0.7027027027	0.9979209979	0.2016632017	1.0498960499	0.0873180873	0.9625779626	0.0831600832	0.8794178794	0.1455301455	0.7817047817	0.7463617464	0.7920997921	1.0478170478	0.8232848233	1.738045738	0.7754677755	2.3659043659	0.9272349272
1.2800802326	1.2551840206	0.8485458916	1.2531093363	1.4522790321	0.9709522672	1.0767611681	0.9854750575	0.5394179262	1.201242228	0.3153520184	1.157673857	1.0518649561	0.9294585806	0.6535255645	1.0228193755	0.1742734839	1.0975080114	0.0580911613	1.0145206382	0.0456430553	0.9356826336	0.0892114263	0.8360977856	0.6576749331	0.8153509423	1.0041472165	0.8360977856	1.5601626174	0.7593344654	2.3257211357	0.8900395783
1.3726708075	1.1614906832	0.917184265	1.1407867495	1.5900621118	0.8405797101	1.2049689441	0.8488612836	0.5942028986	1.0621118012	0.3726708075	1.0062111801	1.1904761905	0.784679089	0.7412008282	0.8716356108	0.2339544513	0.9358178054	0.115942029	0.8530020704	0.0869565217	0.768115942	0.132505176	0.6625258799	0.7494824017	0.6501035197	1.1097308489	0.6770186335	1.7556935818	0.6107660455	2.5155279503	0.7722567288
1.2095409653	1.2551840206	0.8091268893	1.238586546	1.3423207626	0.9979231635	1.0248940598	0.9916991105	0.5248951359	1.1742713317	0.3360988617	1.1224042234	1.0145206382	0.9377573179	0.6390027741	1.0041472165	0.1846469055	1.0497902718	0.0746886359	0.9626535299	0.0788380046	0.8879648939	0.1224063756	0.807052205	0.6535255645	0.807052205	0.9460560552	0.8360977856	1.5020714561	0.7800813087	2.1763438639	0.9253092119
1.4190840828	1.1618232257	0.9253092119	1.151449804	1.5145195621	0.8423218386	1.170121963	0.8547699446	0.6224052995	1.0892092741	0.363069758	1.0269687442	1.1431510667	0.7863053617	0.7033179884	0.8879648939	0.1763481682	0.9522801082	0.049792424	0.863068682	0.0394190023	0.7780066244	0.0995848479	0.6597496175	0.6908698824	0.6556002488	1.0746864838	0.6742724078	1.6846436773	0.5975090875	2.4937705666	0.7344382534
1.2857115301	1.2484445292	0.9689420227	1.2360221956	1.3788790323	1.0621095249	1.1304323598	1.0434760244	0.7204953502	1.1739105275	0.5527938463	1.1283619709	1.1180100262	0.9979274678	0.7950293519	1.0455464134	0.4223593432	1.0766022474	0.3229806742	1.0144905793	0.3105583406	0.9523789112	0.3705996198	0.8778449094	0.7826070183	0.8985487988	1.0662503027	0.9296046329	1.4658353676	0.892337632	2.1035151604	1.0393352466
1.289852308	1.3333304757	0.8447186864	1.3022746416	1.4658353676	1.0393352466	1.089024581	1.0331240797	0.5445122905	1.2339518067	0.3167695074	1.1676993607	1.0745318585	0.9772235784	0.6645948489	1.0476168023	0.165631115	1.0973061368	0.0393373898	1.0103498014	0.0269150562	0.9378861886	0.0683228349	0.8509298533	0.6852987383	0.8385075196	1.0124201904	0.8737041316	1.6273257048	0.8178036303	2.4368477793	1.0082794125
1.2468879668	1.4211618257	0.8526970954	1.4232365145	1.3423236515	1.1929460581	1.0560165975	1.1867219917	0.5726141079	1.3651452282	0.3817427386	1.3112033195	1.0435684647	1.1348547718	0.6473029046	1.2136929461	0.2489626556	1.255186722	0.1348547718	1.1804979253	0.1244813278	1.1058091286	0.1680497925	1.020746888	0.6784232365	1.0145228216	0.9917012448	1.0456431535	1.4917012448	0.9875518672	2.1348547718	1.1348547718
1.1966848058	1.3043450305	0.826085186	1.2857115301	1.3291896978	1.0641799138	1.0269129129	1.0558983581	0.5424419016	1.223599862	0.3395437857	1.1594178049	1.0186313572	0.9999978567	0.6376797927	1.0621095249	0.2028981159	1.09109497	0.1055898358	1.0020682457	0.1180121694	0.9213230771	0.1552791703	0.8426482975	0.6563132931	0.8674929648	0.9606604669	0.9068303546	1.4409907004	0.8612817979	2.1345709944	1.0455464134
1.2836438923	1.1035196687	0.8695652174	1.0973084886	1.4265010352	0.8136645963	1.0786749482	0.8240165631	0.5610766046	1.049689441	0.3457556936	1.0020703934	1.0579710145	0.768115942	0.6666666667	0.8571428571	0.1863354037	0.9358178054	0.0641821946	0.8467908903	0.0600414079	0.768115942	0.1097308489	0.6666666667	0.6977225673	0.6501035197	0.9896480331	0.6770186335	1.5548654244	0.5879917184	2.33126294	0.7246376812
1.2785835154	1.3492694333	0.8752579837	1.3305584551	1.4157973561	1.0914737327	1.1309746868	1.0789997472	0.6029092999	1.2723465227	0.3908515462	1.2328455685	1.1164217037	1.0249458099	0.713096172	1.1039477182	0.2370057248	1.1663176458	0.1101868721	1.0873157375	0.0977128865	1.014550822	0.1538458214	0.9147589379	0.6902271986	0.9064429475	1.039498793	0.9313909185	1.6361711002	0.8835739741	2.3492672722	1.0291038051
1.3471817015	1.4053932565	0.9064370708	1.3846034155	1.5322112871	1.0935456404	1.1683890683	1.0956246245	0.5966684388	1.3014440512	0.3513483141	1.2432324962	1.1455202431	1.0353340854	0.6943806918	1.1205724338	0.2182933313	1.1808629729	0.0873173325	1.0935456404	0.0873173325	1.0062283079	0.1309759988	0.9168319913	0.7380393581	0.9043580867	1.0873086881	0.929305896	1.646555413	0.8544624681	2.4303324214	1.008307292
1.2530877617	1.4812991091	0.8443819851	1.460552623	1.3879399215	1.2095201409	1.0974891158	1.2032961951	0.5746776656	1.3920892188	0.3879592905	1.3339990576	1.0808919269	1.1389820881	0.6887833392	1.2157440867	0.2240620501	1.2510131131	0.1203296195	1.1535046284	0.1058070792	1.0684440353	0.1638972404	0.9750848477	0.684634042	1.0020552797	0.989607388	1.0435482519	1.5767329452	0.9875327394	2.2012021775	1.1514299797
1.0247933884	1.2995867769	0.7066115702	1.0309917355	1.3512396694	1.1673553719	1.0805785124	0.9710743802	0.4814049587	0.7809917355	0.3367768595	0.6033057851	1.1012396694	0.902892562	0.7066115702	0.7128099174	0.2561983471	0.458677686	0.208677686	0.3202479339	0.2438016529	0.2561983471	0.3429752066	0.2004132231	0.8491735537	0.5475206612	1.1074380165	0.7809917355	1.5991735537	1.0578512397	2.1198347107	1.6714876033
1.045452314	1.2665262223	0.706610062	0.9834689752	1.3243773385	1.1095017641	1.0578489818	0.9028906348	0.4834700425	0.7252050637	0.338842252	0.5433872699	1.080576206	0.8429734074	0.6756183927	0.6404945007	0.2582639116	0.3925611456	0.2107433518	0.2479333551	0.2561978003	0.1673550147	0.3677678101	0.1239666776	0.826444517	0.4793378199	1.0888406512	0.7210728411	1.588839584	1.0061961995	2.1466896329	1.5991701404
1.1538436602	1.1975026096	0.7837820899	0.9251539258	1.3804543971	1.0291038051	1.1205796989	0.8357570296	0.5613293482	0.6860692034	0.4012465341	0.5031174158	1.1372116796	0.7754660996	0.7525971261	0.6029092999	0.3076916427	0.3471925969	0.2598746983	0.1995837683	0.3097706403	0.1392928383	0.411641522	0.0935548914	0.893968962	0.4386684907	1.1330536844	0.6507262444	1.642408093	0.9126799403	2.2307644098	1.5259842281
1.0785123967	1.2603305785	0.7334710744	0.9834710744	1.3946280992	1.1136363636	1.097107438	0.8842975207	0.479338843	0.7231404959	0.3140495868	0.5268595041	1.132231405	0.8223140496	0.6818181818	0.6115702479	0.2252066116	0.367768595	0.1797520661	0.2045454545	0.2334710744	0.1280991736	0.3429752066	0.0578512397	0.8719008264	0.4504132231	1.132231405	0.6880165289	1.6342975207	0.9690082645	2.2396694215	1.6012396694
1.0724614695	1.2608668628	0.6770171825	1.0331240797	1.356104754	1.0869541921	1.0331240797	0.9171822992	0.4389224547	0.8302259639	0.2505170614	0.6645948489	1.0496871912	0.8571410201	0.6024831808	0.7163545723	0.1469976146	0.5320899569	0.0745340017	0.3995850649	0.099378669	0.3333326189	0.1801238375	0.2732913397	0.7018618498	0.5238084012	1.0289833019	0.7349880728	1.6107625933	0.9772235784	2.1718379953	1.453413034
1.0892022417	1.2904453226	0.7344335116	1.080903558	1.3485361088	1.1306956605	1.0539328358	0.9626473146	0.5145183923	0.8796604771	0.3692914267	0.7282094987	1.0622315195	0.9045565284	0.7053881184	0.786300285	0.2780059055	0.5995799007	0.228213803	0.4833983282	0.2531098543	0.4190835292	0.3360966917	0.358918072	0.8008229815	0.6182519391	1.0580821777	0.7945989687	1.5352564931	0.9916927077	2.0871189622	1.4460456428
1.0103498014	1.4057940885	0.6356094038	1.1656289717	1.2712188075	1.2401629735	0.9668716337	1.0538279691	0.395444287	0.9482381333	0.2339539499	0.7846774073	0.9999978567	0.9999978567	0.6107647365	0.8550706311	0.1345752809	0.6501021263	0.0703932239	0.5175972343	0.1035194469	0.4389224547	0.1946165601	0.3768107866	0.7101434055	0.6687356268	0.9937866899	0.8778449094	1.5341582026	1.1159396372	2.1035151604	1.6480295941
0.9751016359	1.3008270759	0.6327787211	1.0746864838	1.3008270759	1.1265535921	0.9896244262	0.9502054239	0.381741917	0.8589193133	0.2074684332	0.7074673571	0.9999978478	0.8879648939	0.6348534055	0.763483834	0.0995848479	0.5643141382	0.0477177396	0.4460571313	0.0684645829	0.3672191267	0.1576760092	0.2925304908	0.7323635691	0.5746875599	1.0041472165	0.7614091497	1.5331917211	0.9688775829	2.1431489146	1.5062208248
1.1991675437	1.1410763824	0.8941889469	0.9336079492	1.4502043478	1.0186700068	1.1867194377	0.8423218386	0.6970939354	0.7323635691	0.5497913479	0.5767622442	1.1991675437	0.7904547303	0.8277990483	0.6390027741	0.4730280276	0.456430553	0.4232356037	0.3278001244	0.4647292903	0.2614102258	0.5497913479	0.2136924862	0.9605788455	0.4979242396	1.195018175	0.6804964608	1.632776569	0.9004129999	2.1182527026	1.3900385022
1.0432989691	1.3567010309	0.6865979381	1.1298969072	1.3340206186	1.193814433	1.024742268	1.012371134	0.424742268	0.9051546392	0.2680412371	0.7402061856	1.0474226804	0.9443298969	0.6226804124	0.7958762887	0.175257732	0.6041237113	0.1298969072	0.4824742268	0.1773195876	0.4020618557	0.2536082474	0.3360824742	0.7463917526	0.618556701	1.0350515464	0.8164948454	1.5505154639	1.0412371134	2.1092783505	1.5505154639
1.0680321562	1.2164845022	0.7010249674	0.9979296595	1.2948343515	1.0267953934	1.020609879	0.8762812092	0.4989648297	0.8185497413	0.3278322642	0.665973719	1.0309190697	0.8164879032	0.6474171758	0.7010249674	0.2226785191	0.5278305637	0.162885213	0.3917492465	0.17731808	0.3216467497	0.2762863107	0.2597916056	0.740199892	0.5195832111	1.0041151739	0.6969012911	1.5340075757	0.9030851051	2.0968893878	1.3587513339
1.0268573124	1.3512367853	0.6549572797	1.1260306544	1.2913195578	1.165286769	0.9896673091	1.0061961995	0.3946272569	0.9194195252	0.2169416857	0.7644611782	1.0103284221	0.9483450833	0.5681806054	0.8016511815	0.1136361211	0.6280978329	0.049586671	0.4958667102	0.0826444517	0.4214867037	0.1652889034	0.3491728084	0.677684504	0.60743672	0.9690061962	0.8016511815	1.5123934661	1.0082623108	2.1528879668	1.5185918
1.0227743271	1.3602484472	0.6563146998	1.1118012422	1.3002070393	1.2028985507	1.0393374741	1.0269151139	0.4140786749	0.8757763975	0.2712215321	0.7080745342	1.0517598344	0.9627329193	0.6376811594	0.7991718427	0.198757764	0.5879917184	0.1449275362	0.4472049689	0.1759834369	0.3830227743	0.2587991718	0.3229813665	0.7494824017	0.6231884058	1.0289855072	0.8302277433	1.5258799172	1.0703933747	2.1014492754	1.6107660455
1.2800829876	1.3547717842	0.8195020747	1.3402489627	1.4004149378	1.0643153527	1.0643153527	1.0663900415	0.520746888	1.2717842324	0.3091286307	1.1991701245	1.0622406639	1.010373444	0.643153527	1.0767634855	0.1701244813	1.1307053942	0.0456431535	1.0435684647	0.0394190871	0.9668049793	0.0871369295	0.8796680498	0.6576763485	0.877593361	0.9875518672	0.9066390041	1.5020746888	0.8423236515	2.2385892116	0.9937759336
1.2510265748	1.4045522241	0.8298683746	1.3817308438	1.3692828182	1.1286209895	1.0871275708	1.1327703314	0.5165930632	1.3215653866	0.3298726789	1.2717732841	1.0684555324	1.0746795452	0.6763427253	1.1472930279	0.1659736749	1.1991598014	0.0580907862	1.1244716476	0.0435680897	1.047708823	0.099584205	0.948124618	0.6701187125	0.9460499471	0.9730206693	0.9771700111	1.5477045187	0.9211538959	2.1887778381	1.0705302033
1.5311170367	1.576760092	1.1141054861	1.7925272625	1.570536039	1.1659725944	1.244810599	1.3464701312	0.7738572557	1.9107842694	0.5124470299	1.9875475897	1.2095409653	1.2987523916	0.8360977856	1.6224031473	0.3195013871	2.00207038	0.1556013249	1.9750994837	0.1141076382	1.9087095851	0.1099582696	1.7759297879	0.7427369907	1.4045612925	1.0684624308	1.2489599676	1.5995816197	0.8485458916	2.439828774	0.5518660322
1.3638224164	1.1787916313	0.9376279113	1.1995816071	1.4781672837	0.954259892	1.185028624	0.9604968847	0.6819112082	1.1496856651	0.4844064375	1.099789723	1.1642386482	0.9126799403	0.7650711117	0.9958398437	0.3492715945	1.039498793	0.2328477296	0.9646548799	0.2349267272	0.8918899644	0.2848226693	0.808730061	0.7858610875	0.8212040465	1.0686047592	0.833678032	1.6486450857	0.7650711117	2.2141324291	0.8835739741
1.0973084886	1.3581780538	0.685300207	1.082815735	1.3602484472	1.1469979296	1.0559006211	0.9544513458	0.4389233954	0.8488612836	0.2422360248	0.66873706	1.0641821946	0.8819875776	0.6335403727	0.7412008282	0.1345755694	0.5300207039	0.0600414079	0.3995859213	0.0869565217	0.3229813665	0.1884057971	0.248447205	0.751552795	0.5341614907	1.0455486542	0.7432712215	1.635610766	1	2.3250517598	1.5983436853
1.124221193	1.3271193088	0.7184249613	1.0414056355	1.455483423	1.1283619709	1.1469954713	0.9337454107	0.494822956	0.7970997409	0.3022767849	0.5859200693	1.1718401385	0.8530002422	0.75983274	0.6873691272	0.1925461712	0.4244297322	0.1200825584	0.2608690061	0.1635607261	0.1780534486	0.2795025065	0.1159417805	0.8799152984	0.494822956	1.157347416	0.7080730166	1.7619009857	0.9875755231	2.3933696116	1.5569324809
1.0311181128	1.4439802948	0.6265546681	1.1473004354	1.3277979722	1.2655574423	1.0352674815	1.0456409031	0.3796672327	0.8900395783	0.2012443802	0.6991686198	1.0497902718	0.9792510045	0.5954344032	0.788380046	0.0975101636	0.5414926106	0.031120265	0.3838166013	0.0850620576	0.2925304908	0.1763481682	0.2365140138	0.7489610437	0.5954344032	1.0435662188	0.8277990483	1.6784196243	1.1410763824	2.3132730298	1.7987513155
1.0991735537	1.3739669421	0.7210743802	1.0516528926	1.4545454545	1.2479338843	1.1632231405	1.0103305785	0.4855371901	0.7809917355	0.3099173554	0.576446281	1.1818181818	0.9462809917	0.7231404959	0.7148760331	0.2190082645	0.423553719	0.1652892562	0.2685950413	0.2148760331	0.194214876	0.3367768595	0.1342975207	0.8842975207	0.5433884298	1.1714876033	0.7995867769	1.7830578512	1.1818181818	2.3388429752	1.8161157025
0.9667862533	1.433582191	0.6182452864	1.1203102506	1.3298497604	1.3008046798	1.0103538741	1.0518468464	0.4004071821	0.8485312824	0.2178381043	0.6286185295	1.0476975491	0.989607388	0.6804847448	0.7883664726	0.1265535653	0.4460494516	0.0809112959	0.2863015085	0.1327775112	0.2136888071	0.2489578335	0.1597479431	0.7987397157	0.5912748545	1.0684440353	0.8526805796	1.5912554855	1.1825497089	2.2074261233	1.914900669
0.9232345276	1.4377562418	0.5622394539	1.0705371151	1.2863042856	1.2863042856	1.0290434285	1.0311181128	0.3319494931	0.7655585184	0.1742734839	0.5228204516	1.0518649561	0.9564294769	0.6099571935	0.6991686198	0.1037342166	0.3381735461	0.0809126889	0.1825722212	0.1369291659	0.0995848479	0.2593355415	0.0477177396	0.7904547303	0.5311191889	1.0394168501	0.8091268893	1.5933575667	1.1846447534	2.1784185482	1.9854729054
1.4679057566	1.2732891965	1.0683206917	1.5569324809	1.4223572	0.8881968541	1.0973061368	1.1469954713	0.7556919621	1.7287747627	0.5031045118	1.8385053764	1.0434760244	1.089024581	0.7432696285	1.4596242008	0.3022767849	1.8902650998	0.1366456699	1.8819835441	0.0869563354	1.8281534317	0.0621116681	1.7204932069	0.6024831808	1.2629372518	0.9089007435	1.057968747	1.3975125327	0.5693569578	2.2008234404	0.1718422818
0.9462729128	1.3822196041	0.5619786731	1.0640405024	1.2561876222	1.2541215242	0.9504051089	1.0165202469	0.3450383765	0.8099104407	0.196279316	0.6280938111	0.9875948741	0.9566034031	0.5495820847	0.7334648123	0.1177675896	0.4669381622	0.0764456283	0.3305756901	0.1218997857	0.2603283559	0.2190063947	0.2045437082	0.7272665181	0.5785074576	0.9793304818	0.8161087348	1.5681684297	1.1859402881	2.068164161	1.7851087263
0.9792939674	1.2981338637	0.6231870701	0.9606604669	1.3312600867	1.2194590841	0.9896459121	0.9192526882	0.4161481764	0.6832283493	0.2898544512	0.5031045118	1.0227721351	0.8550706311	0.6335390148	0.627327848	0.2111796716	0.3271214521	0.1780534486	0.1863350044	0.2401651167	0.1138713916	0.3416141747	0.0724636128	0.7991701298	0.4699782888	1.0517575802	0.7349880728	1.5921290928	1.1117988594	2.0703889374	1.7619009857
0.9689896506	1.3966673855	0.6198228042	1.0950202874	1.2974957368	1.2809671287	0.9917164867	1.028905855	0.4090830508	0.8408929377	0.2499951977	0.6425496404	1.0206415509	0.9689896506	0.6280871083	0.7644481252	0.1652860811	0.4586688751	0.1280967129	0.3140435541	0.1880129173	0.2437969697	0.29544887	0.2045415254	0.8161000255	0.6218888802	1.0165093989	0.8099017975	1.5888124548	1.1838615561	2.1073975343	1.8326094245
0.9979296066	1.3333333333	0.6314699793	1.0144927536	1.2919254658	1.1966873706	1.0103519669	0.9606625259	0.4265010352	0.7743271222	0.2732919255	0.5714285714	1.0393374741	0.9047619048	0.5962732919	0.6770186335	0.1884057971	0.4140786749	0.1552795031	0.2712215321	0.2049689441	0.2008281573	0.3002070393	0.1614906832	0.7639751553	0.5238095238	1.0124223602	0.7598343685	1.5797101449	1.1118012422	2.0786749482	1.7122153209
0.9958572375	1.4391477262	0.599988522	1.1133807624	1.3298714662	1.2927587741	0.9999808699	1.0535880918	0.3876214506	0.8659628152	0.2206143363	0.6721520899	1.0350317458	0.9793627077	0.5628758299	0.7566865552	0.1319562385	0.5051449755	0.090719914	0.354632391	0.1422653196	0.2762833744	0.2371088661	0.2226761525	0.7340065767	0.5793703597	1.037093562	0.8453446529	1.6226493704	1.1855443303	2.1504743244	1.8061510146
1.0165544321	1.436840684	0.6293941901	1.1117917108	1.3291811515	1.2981255171	1.0351878127	1.0621026958	0.3975121201	0.8654170114	0.2236005675	0.6770128295	1.0703841983	1.0062025539	0.6376756926	0.7908834889	0.1138706594	0.5051716526	0.0786742738	0.3747379882	0.1304336644	0.2919229632	0.2339524457	0.23188207	0.7743204839	0.6086904339	1.0496804421	0.8529947577	1.652159749	1.2111697408	2.2422168023	1.8881825703
1.3229700246	1.4409814353	0.867487387	1.4140665521	1.4782481965	1.1656214771	1.1407769696	1.155269599	0.5341569113	1.3643775371	0.3084859682	1.3105477709	1.1304250915	1.0993694571	0.718420342	1.1821844821	0.1532077963	1.2463661265	0.0393371369	1.1739029796	0.0248445075	1.0972990814	0.0745335225	0.9896395489	0.701857337	0.9792876708	1.0103433052	1.0062025539	1.6873561347	0.9213171533	2.4596062429	1.0745249496
1.0991712076	1.5785090275	0.7045439508	1.179749548	1.4855340193	1.3925590112	1.1549562125	1.1012373189	0.4504122618	0.8780972993	0.2582639116	0.6198333878	1.2024767723	1.0351217576	0.7376017314	0.7975189589	0.1528922356	0.4070239246	0.1136361211	0.2417350212	0.1797516825	0.1570244582	0.3099166939	0.1074377872	0.9421467494	0.6115689426	1.2210717739	0.8801634106	1.8656984972	1.2871873353	2.4607385494	2.0640451812
1.3739405493	1.3636101693	1.0041129428	1.5991428349	1.3574119412	0.9999807908	1.0495666151	1.2107205442	0.7479195171	1.7045127116	0.5103207755	1.8140147403	1.0103111709	1.169399024	0.7065979968	1.4834425781	0.3078453261	1.8615344887	0.148757473	1.8574023366	0.0847091166	1.7954200562	0.0743787365	1.6714554954	0.5681709039	1.326420801	0.8656858499	1.1404739598	1.3677423213	0.7024658448	2.1197939904	0.4049508988
1.4969072165	1.4845360825	1.1175257732	1.6948453608	1.4969072165	1.1113402062	1.2082474227	1.3030927835	0.812371134	1.824742268	0.5731958763	1.9134020619	1.1587628866	1.2597938144	0.8783505155	1.5443298969	0.3917525773	1.9463917526	0.2597938144	1.9257731959	0.206185567	1.8618556701	0.2041237113	1.7257731959	0.7793814433	1.3628865979	1.012371134	1.2371134021	1.4907216495	0.8288659794	2.2432989691	0.4845360825
1.1053719008	1.3099173554	0.7458677686	1.020661157	1.4173553719	1.1549586777	1.1384297521	0.9566115702	0.5041322314	0.7789256198	0.3388429752	0.6095041322	1.1487603306	0.8925619835	0.7376033058	0.7148760331	0.2438016529	0.4483471074	0.2045454545	0.326446281	0.2417355372	0.2541322314	0.3347107438	0.1962809917	0.8450413223	0.5309917355	1.1074380165	0.7479338843	1.6900826446	1.0640495868	2.270661157	1.6508264463
1.3913013659	1.2380925845	0.9275342439	1.2298110288	1.5113839243	0.9399565776	1.1697697496	0.9482381333	0.5983424029	1.1759809164	0.3747403977	1.1283619709	1.1469954713	0.8840560763	0.7370584617	0.9855051342	0.2028981159	1.0662503027	0.0869563354	0.9855051342	0.0766043907	0.9130415214	0.1138713916	0.8198740192	0.7391288506	0.7763958515	1.0703910806	0.7867477962	1.7349859295	0.7018618498	2.4575516686	0.8240147971
1.3174273859	1.3630705394	0.856846473	1.3630705394	1.4315352697	1.1037344398	1.1307053942	1.0933609959	0.5850622407	1.3091286307	0.3817427386	1.2634854772	1.1141078838	1.0394190871	0.6784232365	1.1369294606	0.234439834	1.2074688797	0.1141078838	1.1265560166	0.1078838174	1.0456431535	0.1473029046	0.9605809129	0.6804979253	0.9336099585	1.0248962656	0.9481327801	1.5746887967	0.867219917	2.3236514523	1.0041493776
1.4813278008	1.4066390041	1.1058091286	1.6597510373	1.4045643154	1.0871369295	1.1203319502	1.3049792531	0.8257261411	1.7717842324	0.6099585062	1.8526970954	1.0684647303	1.2634854772	0.7800829876	1.5767634855	0.4315352697	1.8858921162	0.2821576763	1.8858921162	0.22406639	1.8257261411	0.2053941909	1.7219917012	0.6659751037	1.3921161826	0.9626556017	1.2157676349	1.387966805	0.8174273859	2.0663900415	0.5290456432
1.446268644	1.2789147009	1.0991641695	1.512383782	1.3822196041	0.9875948741	1.1301556404	1.1797419939	0.8243731271	1.6384157639	0.6280938111	1.7127952941	1.0867675811	1.1425522288	0.8264392252	1.4297398595	0.4731364564	1.7479189612	0.3409061804	1.7479189612	0.295452023	1.6962665096	0.2768571404	1.5867633123	0.7190021259	1.2582537203	0.985528776	1.0908997772	1.3615586234	0.7355309104	2.0289082978	0.4070213184
1.4989519528	1.4575444403	1.1138620864	1.6935672616	1.4471925621	1.1159324621	1.1739029796	1.2939847659	0.8302206258	1.8095082966	0.602479307	1.8943936972	1.1221435889	1.2505068777	0.8095168695	1.5796966022	0.4223566276	1.9295900828	0.2670784557	1.923378956	0.2173894407	1.8633380628	0.2049671869	1.7577489059	0.7039277126	1.3726590396	1.0020618027	1.2028882383	1.4285591815	0.8281502501	2.1738944066	0.4989605257
1.4749967991	1.397913633	1.064581023	1.6374964464	1.4395802092	1.0249977756	1.1437475179	1.1999973958	0.7520817012	1.7562461887	0.4895822709	1.8520793141	1.0958309552	1.1416641891	0.7479150436	1.4854134431	0.2979160201	1.8854125751	0.1229163999	1.8791625886	0.0583332067	1.8020794226	0.0499998915	1.6666630498	0.6416652742	1.2729139043	0.9437479519	1.1083309281	1.4729134702	0.6666652199	2.2874950358	0.3458325828
1.4917228014	1.4421364479	1.1032963656	1.6136225871	1.477260115	1.150816621	1.1962707784	1.2871790932	0.8037121465	1.706597	0.5826396537	1.7623816476	1.1694115036	1.2417249358	0.8388358135	1.4937888995	0.4297483971	1.7685799418	0.295452023	1.739654569	0.2582622579	1.6900682154	0.2499978656	1.5867633123	0.7520596949	1.3119722699	1.0557761101	1.18387419	1.5289125665	0.886356069	2.2851044576	0.7169360278
1.4282744283	1.3700623701	1.0374220374	1.3471933472	1.5613305613	1.1164241164	1.2577962578	1.1081081081	0.7567567568	1.2972972973	0.5467775468	1.237006237	1.2411642412	1.051975052	0.8648648649	1.1247401247	0.4054054054	1.1725571726	0.2993762994	1.0935550936	0.2848232848	1.0187110187	0.3222453222	0.9376299376	0.8773388773	0.9293139293	1.1704781705	0.9625779626	1.6777546778	0.9043659044	2.4033264033	1.0706860707
1.257258705	1.3900385022	0.8153509423	1.1867194377	1.5020714561	1.1535244884	1.1742713317	1.0186700068	0.5331938732	1.0145206382	0.2987545438	0.8609939976	1.1784207004	0.9460560552	0.7261395161	0.8692927349	0.1763481682	0.7385876221	0.0954354793	0.6078825092	0.1244810599	0.5145217142	0.2136924862	0.4273849723	0.831948417	0.6597496175	1.1473004354	0.825724364	1.7655563662	0.9999978478	2.4439781426	1.4771752441
1.3022746416	1.3022746416	0.9233934661	1.0041386346	1.6128329822	1.1428546934	1.2960634748	0.9089007435	0.6749467936	0.7453400174	0.4906821782	0.5320899569	1.3167673642	0.8343667418	0.9006191877	0.6501021263	0.3768107866	0.3561068972	0.33126223	0.2111796716	0.3871627313	0.1283641141	0.4803302335	0.066252446	1.0558983581	0.4658375109	1.3271193088	0.6997914608	1.9088986002	1.0124201904	2.4844667248	1.6356072605
1.1652793075	1.4070127808	0.7520596949	1.2499893281	1.4276737615	1.2127995629	1.0991641695	1.084701483	0.45867377	1.082635385	0.2644605521	0.9545373051	1.0888336791	1.0206524431	0.6549530859	0.952471207	0.1446268644	0.8512324019	0.0578507458	0.7148699298	0.0785117264	0.6487547917	0.1466929625	0.5785074576	0.7107377336	0.7665223813	1.0537100121	0.9132153438	1.6962665096	1.0661066005	2.3553517917	1.4896567033
1.5516396452	1.4049466828	1.1322217385	1.6859360193	1.5247803704	1.0475117179	1.2024690726	1.2768486029	0.822307029	1.8202323934	0.5950362421	1.9111407082	1.150816621	1.2251961513	0.7851172639	1.6218869794	0.4008230242	1.9545287675	0.2355351792	1.9586609636	0.1776844334	1.8884136295	0.1611556489	1.7582494515	0.6942089491	1.3884178983	1.0268507373	1.1776758959	1.5495735472	0.7169360278	2.2789061634	0.4070213184
1.5290324803	1.4854643906	1.1472930279	1.7530969414	1.4667923522	1.1701144082	1.1701144082	1.3775815019	0.8526897549	1.9086972617	0.622401281	2.0103561376	1.1286209895	1.3319387413	0.7966736397	1.7136781936	0.4398302386	2.0497748854	0.2842299183	2.062222911	0.2219897902	1.995833441	0.2074670937	1.8838012104	0.6514466741	1.5331818222	0.9875433658	1.309117361	1.473016365	0.8360923875	2.1784044834	0.4813236573
0.9979381443	1.3051546392	0.6432989691	1	1.3195876289	1.1793814433	1.0164948454	0.9484536082	0.4041237113	0.7381443299	0.2701030928	0.5628865979	1.0391752577	0.8845360825	0.587628866	0.6577319588	0.181443299	0.4041237113	0.1443298969	0.2639175258	0.1979381443	0.1855670103	0.3092783505	0.1422680412	0.7608247423	0.4948453608	1.0432989691	0.7546391753	1.6041237113	1.0845360825	2.1690721649	1.7257731959
0.9626999067	1.4202411527	0.5900418783	1.0993411838	1.3084437442	1.285670198	0.9854734529	1.0413721571	0.3581657717	0.8384805639	0.223594817	0.6583625168	1.0144579662	0.9834031305	0.5983231678	0.7763708925	0.1242193428	0.4865257593	0.0786722504	0.3374625479	0.1242193428	0.2629309423	0.2401573961	0.2091025604	0.7701599254	0.6169560692	1.018598611	0.8426212087	1.6148514564	1.2111385923	2.1220804395	1.863290142
1.0041236586	1.3367654467	0.6590852821	1.0599083063	1.2747825048	1.2045351707	1.0041236586	0.9937931683	0.4545415738	0.8285053232	0.2995842191	0.6466886937	1.0330490314	0.9400746186	0.623961615	0.7417292046	0.2169402966	0.4979296332	0.1735522373	0.361567161	0.2169402966	0.2933859249	0.3057825133	0.2541300617	0.754125793	0.5681769673	1.0020575605	0.7975138523	1.545441351	1.1260234443	2.0268421997	1.6673411368
1.0865771514	1.3999732179	0.682461171	1.055649908	1.4123441153	1.2453370009	1.1051334975	0.991733605	0.4597850185	0.8082319609	0.2680361095	0.573184911	1.1257516598	0.9216318533	0.6907084359	0.709264782	0.1752543793	0.3979305317	0.1381416872	0.2577270283	0.1793780117	0.1773161955	0.2989633529	0.1175235249	0.8556537341	0.5319485865	1.1051334975	0.7669956363	1.7566674251	1.1566789032	2.3236668874	1.8412018904
0.9876033058	1.3285123967	0.6590909091	1.0123966942	1.326446281	1.2210743802	1.041322314	0.9607438017	0.4648760331	0.7747933884	0.2995867769	0.576446281	1.0661157025	0.8987603306	0.6859504132	0.6983471074	0.2107438017	0.4049586777	0.1714876033	0.2355371901	0.2169421488	0.1673553719	0.3305785124	0.1136363636	0.826446281	0.5268595041	1.0495867769	0.7438016529	1.6818181818	1.1611570248	2.1900826446	1.8202479339
1.0661066005	1.280980799	0.6776801646	1.018586345	1.2975095835	1.0743709927	1.0413134237	0.9070170496	0.4173518087	0.7954477542	0.2479317675	0.6322260072	1.0619744043	0.8512324019	0.6776801646	0.7128038317	0.1404946683	0.4855330448	0.0867761186	0.3450383765	0.1260319818	0.262394454	0.2169402966	0.2045437082	0.7913155581	0.5206567118	1.0433795218	0.7107377336	1.6342835677	0.9607355992	2.2603112808	1.5206481743
1.7995829358	1.4628067951	1.3078484482	1.7520623761	1.7355334857	1.0351217576	1.3553690079	1.2933856691	0.9297500816	1.907020723	0.6446267233	2.0144585102	1.2892534465	1.2376006642	0.9380145268	1.6115668082	0.4256189263	2.0495824022	0.2582639116	2.0475162909	0.1880161276	1.9690040618	0.1735533486	1.8264423826	0.791320625	1.3801623434	1.1404934335	1.179749548	1.6983434825	0.6859489491	2.6115646738	0.2975200261
1.09109497	1.3167673642	0.6811579604	1.0393352466	1.356104754	1.1159396372	1.0600391359	0.9171822992	0.4161481764	0.8115924634	0.229813172	0.6356094038	1.0786726364	0.8509298533	0.6583836821	0.7060026276	0.1221529473	0.4761894556	0.0600412792	0.33126223	0.1035194469	0.2505170614	0.1925461712	0.1863350044	0.7826070183	0.5031045118	1.0641799138	0.7122137945	1.6625223167	0.991716301	2.3167652209	1.5983402596
1.5381443299	1.4226804124	1.1154639175	1.6804123711	1.4556701031	1.1051546392	1.175257732	1.2824742268	0.793814433	1.8371134021	0.5690721649	1.9257731959	1.1237113402	1.2371134021	0.8206185567	1.5484536082	0.387628866	1.9608247423	0.2309278351	1.9546391753	0.1711340206	1.8886597938	0.1463917526	1.7731958763	0.6824742268	1.3628865979	1	1.187628866	1.5030927835	0.7505154639	2.3010309278	0.4
1.3788819876	1.4389233954	0.9109730849	1.4161490683	1.4824016563	1.1677018634	1.1573498965	1.1511387164	0.5714285714	1.3519668737	0.3498964803	1.2898550725	1.1387163561	1.0931677019	0.7267080745	1.16563147	0.1904761905	1.2132505176	0.082815735	1.132505176	0.0848861284	1.0476190476	0.132505176	0.9420289855	0.7287784679	0.9461697723	1.0641821946	0.9855072464	1.7060041408	0.9296066253	2.4637681159	1.1014492754
1.6252587992	1.3830227743	1.1759834369	1.6583850932	1.5879917184	1.0207039337	1.2525879917	1.231884058	0.8426501035	1.801242236	0.5983436853	1.9026915114	1.2111801242	1.1780538302	0.8281573499	1.5527950311	0.4057971014	1.9399585921	0.2443064182	1.9399585921	0.1759834369	1.8716356108	0.1573498965	1.751552795	0.6894409938	1.364389234	1.0351966874	1.1552795031	1.6273291925	0.652173913	2.4575569358	0.3022774327
1.433582191	1.460552623	0.9377411727	1.460552623	1.5580611077	1.1493553311	1.2095201409	1.155579277	0.5974988003	1.4232089479	0.3526902641	1.3734173813	1.192922952	1.09126517	0.7613960407	1.2032961951	0.1804944293	1.3028793284	0.0601648098	1.2219680326	0.0414929722	1.1306834936	0.0829859445	1.026951063	0.7447988518	0.9688609019	1.0954144672	0.9875327394	1.7696752662	0.8755017143	2.599534711	1.0082792255
1.5242718447	1.5582524272	1.0072815534	1.5072815534	1.7669902913	1.25	1.390776699	1.213592233	0.6067961165	1.4126213592	0.3665048544	1.3373786408	1.3713592233	1.1432038835	0.8349514563	1.2111650485	0.2233009709	1.2669902913	0.0946601942	1.1650485437	0.0898058252	1.0752427184	0.140776699	0.9878640777	0.8495145631	0.9902912621	1.2548543689	1.0218446602	1.932038835	0.9684466019	2.75	1.1723300971
1.4902868723	1.6626164618	0.9611622173	1.6723251711	1.6553349299	1.3616464746	1.303394219	1.3834910704	0.6043671518	1.6286359794	0.3737853067	1.5825196104	1.2864039777	1.3179572829	0.8422305288	1.4077628436	0.2063100719	1.5169858228	0.0825240288	1.4344617941	0.0800968514	1.3325203468	0.1334947524	1.2330060768	0.8082500464	1.2111614809	1.1674722892	1.2208701902	1.8228101647	1.1067928563	2.6189243245	1.2208701902
1.5169902913	1.3810679612	1.0412621359	1.3713592233	1.7281553398	1.104368932	1.3640776699	1.0898058252	0.7184466019	1.2961165049	0.4441747573	1.2451456311	1.3470873786	1.0412621359	0.8325242718	1.1237864078	0.2766990291	1.182038835	0.1941747573	1.109223301	0.1723300971	1.0242718447	0.213592233	0.9417475728	0.8762135922	0.927184466	1.2427184466	0.9490291262	1.8810679612	0.8786407767	2.6844660194	1.0412621359
1.5558206599	1.5703837238	0.9975698771	1.5679565465	1.7402861359	1.2718409138	1.3592192972	1.2718409138	0.6577650528	1.5024227589	0.3980570799	1.4465976806	1.342229056	1.2111614809	0.8398033515	1.303394219	0.2597079729	1.3713551838	0.1553393483	1.2864039777	0.138349107	1.2063071263	0.19902854	1.1019385017	0.8737838339	1.0922297924	1.249996318	1.1189287429	1.9029070161	1.0194144729	2.6941668213	1.1844625305
1.508456889	1.5278271219	1.0096733912	1.5302484011	1.6779464271	1.2275885116	1.3268609554	1.2275885116	0.6682730359	1.4600313067	0.4067748914	1.4067631662	1.3026481642	1.1622139755	0.8474476905	1.2445374654	0.2348640742	1.3341247927	0.1113788393	1.2542225819	0.0968511646	1.1646352546	0.125906514	1.089575602	0.8692392025	1.0435712988	1.2372736281	1.0605202526	1.9007041058	0.9685116462	2.6851985392	1.1089458349
1.4768812733	1.2846677303	0.9537684664	1.2919669788	1.6325985739	1.0072962885	1.3527940493	1.0072962885	0.6690977762	1.233572991	0.4330887424	1.1776120861	1.343061718	0.9391699695	0.8394135738	1.0364932824	0.30170227	1.1021865186	0.1873473773	1.0121624542	0.1849142945	0.9367368867	0.2457413651	0.8467128222	0.8345474081	0.8394135738	1.1970767487	0.8588782363	1.8661745249	0.781019586	2.5863670403	0.90510681
1.5097087379	1.3640776699	1.0194174757	1.3422330097	1.75	1.0752427184	1.3665048544	1.0533980583	0.7038834951	1.2597087379	0.4441747573	1.2014563107	1.3567961165	0.9902912621	0.8689320388	1.0631067961	0.2791262136	1.1213592233	0.177184466	1.0242718447	0.1577669903	0.9466019417	0.2087378641	0.8495145631	0.8786407767	0.8689320388	1.2330097087	0.8980582524	1.9029126214	0.8422330097	2.7378640777	1.0631067961
1.4927140497	1.395626957	0.9514535081	1.4077628436	1.6359175113	1.0946569697	1.3228116375	1.1067928563	0.6383476342	1.3713551838	0.3980570799	1.3131029282	1.2985398643	1.0436862461	0.8106772237	1.150482048	0.2499992636	1.2548506726	0.1480578163	1.1723266439	0.1334947524	1.0995113244	0.1844654761	0.9951426998	0.8155315783	0.95873504	1.1383461614	0.95873504	1.7912568596	0.8398033515	2.5728079555	0.9490263308
1.5	1.4466019417	1	1.4466019417	1.6601941748	1.1359223301	1.3082524272	1.1432038835	0.6553398058	1.395631068	0.4077669903	1.3398058252	1.2912621359	1.0752427184	0.8373786408	1.1723300971	0.2475728155	1.2694174757	0.1383495146	1.1796116505	0.1189320388	1.0825242718	0.1747572816	0.9830097087	0.8300970874	0.9538834951	1.1917475728	0.9684466019	1.890776699	0.8762135922	2.6966019417	1.0194174757
1.5364032413	1.449024858	1.0266960049	1.4053356663	1.7912568596	1.1359189841	1.4344617941	1.1019385017	0.7135901311	1.3009670416	0.4490278036	1.2135886583	1.4271802621	1.0388318915	0.9077643164	1.0970841471	0.3131058738	1.1383461614	0.19902854	1.0412590688	0.2063100719	0.9247545576	0.2524264409	0.8495120608	0.8786381886	0.8786381886	1.296112687	0.9271817349	1.9999941088	0.8907740752	2.8033898006	1.0946569697
1.6440629773	1.2033863029	1.0823212825	1.2130715046	1.8280818083	0.8692468466	1.4600441462	0.8765107478	0.7070197192	1.1549602948	0.4237275715	1.0992703854	1.4430950434	0.8159782376	0.8958811511	0.9176728548	0.2566578433	1.0193674719	0.1476993249	0.9176728548	0.1501206253	0.8280847397	0.2033892343	0.7239688221	0.9031450523	0.7070197192	1.3050809201	0.7191262213	2.0048367381	0.6101677029	2.8765048851	0.7384966245
1.6253041363	1.6107055961	1.0802919708	1.600973236	1.8369829684	1.2530413625	1.4817518248	1.2579075426	0.698296837	1.5255474453	0.4574209246	1.4671532847	1.4768856448	1.1922141119	0.902676399	1.296836983	0.2579075426	1.396593674	0.1386861314	1.299270073	0.1240875912	1.2165450122	0.1800486618	1.097323601	0.9391727494	1.0705596107	1.2919708029	1.0778588808	2.0267639903	0.9805352798	2.9051094891	1.1119221411
1.3114355231	1.4428223844	0.900243309	1.4233576642	1.4793187348	1.1922141119	1.1946472019	1.1727493917	0.6058394161	1.3527980535	0.4087591241	1.2944038929	1.1849148418	1.1240875912	0.7712895377	1.1873479319	0.2798053528	1.2287104623	0.1727493917	1.1459854015	0.1776155718	1.0754257908	0.2189781022	1	0.8126520681	1.0097323601	1.1070559611	1.0437956204	1.6593673966	0.9927007299	2.296836983	1.1386861314
1.4817518248	1.2846715328	0.9562043796	1.2749391727	1.6155717762	0.9927007299	1.299270073	0.9829683698	0.6472019465	1.1922141119	0.4087591241	1.1240875912	1.2895377129	0.9172749392	0.8369829684	0.9854014599	0.2481751825	1.0535279805	0.1192214112	0.9635036496	0.1240875912	0.8759124088	0.1873479319	0.7737226277	0.9075425791	0.7883211679	1.197080292	0.8199513382	1.8053527981	0.7518248175	2.5425790754	0.9343065693
1.5242673548	1.2014527717	1.0655308419	1.2111614809	1.679606703	0.9368904442	1.3689280065	0.9417447988	0.7888326279	1.15776358	0.5776682013	1.1092200336	1.3592192972	0.8834925432	0.9417447988	0.9635893947	0.4344647397	1.0533949554	0.330096115	0.9757252812	0.3203874058	0.8907740752	0.3713581294	0.7985413371	0.9465991534	0.7766967413	1.2597050273	0.8033956918	1.8349460513	0.7232988403	2.5315459411	0.8689294793
1.5654924791	1.3688957492	1.1334650973	1.3616143888	1.7353908877	1.1431735778	1.4538449535	1.1213294967	0.8640547637	1.3082177461	0.6601766734	1.266956704	1.4392822327	1.0727870942	0.9732751692	1.1407464577	0.5242579465	1.1965702205	0.4320273818	1.1261837369	0.4271731416	1.0193904515	0.4781426642	0.9538582082	0.9732751692	0.9684209289	1.3276347071	0.9999734905	1.8664553743	0.9441497277	2.5242049276	1.0630786137
1.4708737864	1.5218446602	1.0388349515	1.5412621359	1.6286407767	1.2742718447	1.322815534	1.2742718447	0.7548543689	1.4830097087	0.5388349515	1.432038835	1.3106796117	1.2208737864	0.9053398058	1.3058252427	0.3980582524	1.3737864078	0.2985436893	1.2985436893	0.2985436893	1.2257281553	0.3446601942	1.1432038835	0.895631068	1.1213592233	1.1844660194	1.1432038835	1.7281553398	1.067961165	2.4466019417	1.1796116505
1.4029084889	1.4004813116	0.9077643164	1.3762095385	1.587373965	1.1213559202	1.2305788995	1.1092200336	0.6237845703	1.296112687	0.4247560304	1.2354332541	1.2257245448	1.0533949554	0.8228131103	1.104365679	0.2524264409	1.1529092253	0.1650480575	1.0776667285	0.1844654761	0.9975698771	0.2597079729	0.8980556071	0.8349489969	0.9296089122	1.1456276934	0.9611622173	1.7378589586	0.9150458483	2.4417403804	1.1019385017
1.6286359794	1.2087343036	1.2160158356	1.2427147861	1.7451404906	0.9684437493	1.4563063899	0.9781524586	0.9465991534	1.196598417	0.7305803723	1.1553364027	1.4393161487	0.9271817349	1.0485406007	1.0194144729	0.5873769106	1.0970841471	0.4951441726	1.0266960049	0.4854354633	0.95873504	0.5315518323	0.8567935927	1.0461134234	0.8349489969	1.3616464746	0.8543664154	1.8592178244	0.7718423866	2.5606720689	0.8616479474
1.7378640777	1.6796116505	1.2597087379	1.6674757282	1.9077669903	1.4199029126	1.5995145631	1.4077669903	0.9854368932	1.5995145631	0.7597087379	1.5461165049	1.5946601942	1.3567961165	1.1723300971	1.4174757282	0.6140776699	1.4805825243	0.5145631068	1.4053398058	0.5048543689	1.3422330097	0.5631067961	1.2427184466	1.1504854369	1.2427184466	1.5024271845	1.2694174757	2.1286407767	1.2038834951	2.7766990291	1.390776699
1.5096909501	1.5193995736	0.9538722563	1.5169724177	1.7111448872	1.1941606872	1.3349357276	1.1917335314	0.6164975906	1.4393034299	0.3446561333	1.3664887539	1.3227999482	1.1164916994	0.8009614366	1.2111507783	0.184463846	1.2863926102	0.0873776113	1.2038693107	0.0800961437	1.1116373877	0.1189306375	1.0121239971	0.9174649182	0.9975610619	1.2208594018	1.0169783088	1.8859001097	0.92231923	2.7596762223	1.0703757379
1.5242673548	1.4393161487	0.9830068132	1.4077628436	1.7742666184	1.0995113244	1.3446562333	1.0825210832	0.6626194074	1.3203844602	0.3737853067	1.2305788995	1.3470834107	1.012132941	0.8009685144	1.0970841471	0.2135916039	1.1407733388	0.09951427	1.0412590688	0.09951427	0.9538806854	0.145630639	0.8519392381	0.8106772237	0.8640751247	1.2451419634	0.8956284298	1.924751612	0.8398033515	2.8276615737	1.0388318915
1.4563063899	1.2839768004	0.9393176215	1.2160158356	1.7135871855	0.9830068132	1.3373747014	0.9490263308	0.5873769106	1.1165015656	0.3446591789	1.0461134234	1.3349475241	0.8834925432	0.7936869825	0.9320360895	0.1674752348	0.9708709266	0.0606794329	0.8689294793	0.0509707236	0.7694152093	0.1310675751	0.6723281167	0.8033956918	0.7257260176	1.2135886583	0.7766967413	1.9053341935	0.7499977908	2.7548462542	0.9927155225
1.541257596	1.5849467877	1.0169872956	1.5728109011	1.7499948452	1.2597050273	1.3689280065	1.25727785	0.6723281167	1.5048499362	0.3956299026	1.4465976806	1.3446562333	1.1917440624	0.8470848835	1.2936855097	0.2038828946	1.3689280065	0.0776696741	1.2888311551	0.0655337875	1.1941712397	0.1237860431	1.0849482605	0.85922077	1.0655308419	1.2402876087	1.0873754378	1.924751612	0.9902883451	2.8106713325	1.1480548707
1.6228710462	1.5936739659	1.0608272506	1.5523114355	1.8345498783	1.2846715328	1.4452554745	1.2652068127	0.6861313869	1.4695863747	0.4355231144	1.3941605839	1.4257907543	1.1849148418	0.8661800487	1.2579075426	0.2530413625	1.2895377129	0.1265206813	1.1922141119	0.1362530414	1.104622871	0.204379562	0.9854014599	0.8807785888	1.0243309002	1.3236009732	1.0754257908	2.0510948905	1.0170316302	2.900243309	1.2092457421
1.6513123568	1.3171758389	1.1258947888	1.297805606	1.8329082905	1.0605202526	1.445503632	1.0338861824	0.8450264113	1.215482116	0.5956346624	1.1428437426	1.4382397947	0.963669088	1.0459925779	1.0193585077	0.4358302408	1.0702053691	0.3099237268	0.963669088	0.3075024477	0.8692392025	0.3656131465	0.7796518752	1.1041032767	0.8304987367	1.34138863	0.8619753652	1.990291433	0.8304987367	2.7118326095	1.0435712988
1.5291217094	1.5825196104	1.0266960049	1.5485391279	1.7014512989	1.2815496231	1.3519377653	1.2621322046	0.7160173084	1.4587335672	0.4660180448	1.3834910704	1.3519377653	1.1941712397	0.9077643164	1.25727785	0.3252417604	1.3155301055	0.2087372492	1.2135886583	0.2014557173	1.111647211	0.2572807955	1.0242688276	0.8883468978	1.0606764873	1.2111614809	1.0995113244	1.8762080657	1.0461134234	2.7281473038	1.2305788995
1.5946554969	1.2281517222	1.0024242317	1.2281517222	1.8058199235	0.9053371391	1.4053356663	0.9077643164	0.7014542445	1.1674722892	0.4393190943	1.1067928563	1.395626957	0.8349489969	0.8689294793	0.9368904442	0.2548536182	1.0436862461	0.1165045112	0.9490263308	0.1043686246	0.8470848835	0.1601937029	0.7451434362	0.8786381886	0.7232988403	1.2427147861	0.7378619042	1.9344603213	0.6334932796	2.8203800418	0.774269564
1.5133819951	1.3503649635	0.9829683698	1.3454987835	1.6812652068	1.0486618005	1.3357664234	1.0413625304	0.6593673966	1.2773722628	0.4136253041	1.2214111922	1.3187347932	0.9829683698	0.8150851582	1.0729927007	0.2481751825	1.1532846715	0.1338199513	1.0681265207	0.1240875912	0.9756690998	0.1824817518	0.8783454988	0.798053528	0.8710462287	1.1922141119	0.8880778589	1.8223844282	0.7907542579	2.6082725061	0.9537712895
1.4587206769	1.1528990375	1.0461041793	1.1480447257	1.6140586525	0.8834847361	1.3300814159	0.8834847361	0.7354282281	1.0897929849	0.5145570441	1.0412498675	1.3106641689	0.830087307	0.8689218009	0.9053291389	0.3762091596	0.9757166591	0.2669871455	0.8834847361	0.2694143014	0.8155243718	0.3300931981	0.7087295136	0.8956205154	0.7232924488	1.1553261933	0.7475640075	1.7499793811	0.682030799	2.4028843097	0.8276601511
1.4732966311	1.3519377653	0.9611622173	1.3009670416	1.6723251711	1.0825210832	1.3276659921	1.050967778	0.667473762	1.2014527717	0.4223288531	1.1286374522	1.3155301055	0.9830068132	0.8179587557	1.0266960049	0.2645623275	1.0339775368	0.1699024122	0.9368904442	0.1893198307	0.8373761742	0.2597079729	0.7548521454	0.8640751247	0.8228131103	1.203879949	0.8762110113	1.7815481503	0.8543664154	2.5703807782	1.0995113244
1.5	1.2669902913	1.104368932	1.2694174757	1.6359223301	1.0558252427	1.390776699	1.0388349515	0.8495145631	1.2111650485	0.6577669903	1.1553398058	1.3859223301	0.9927184466	0.9927184466	1.0485436893	0.5412621359	1.1019417476	0.4441747573	1.0242718447	0.4490291262	0.9441747573	0.5072815534	0.8567961165	0.9854368932	0.8810679612	1.286407767	0.9101941748	1.7839805825	0.8640776699	2.3980582524	1.0097087379
1.677184466	1.3737864078	1.2402912621	1.3859223301	1.8155339806	1.1334951456	1.5412621359	1.1310679612	0.9611650485	1.3470873786	0.7524271845	1.3009708738	1.5266990291	1.0849514563	1.1480582524	1.1577669903	0.609223301	1.2330097087	0.5121359223	1.1480582524	0.5169902913	1.0606796117	0.5752427184	0.9830097087	1.1286407767	0.9805825243	1.4441747573	1.0024271845	1.9878640777	0.9247572816	2.6213592233	1.0485436893
1.4562720736	1.621316242	0.9757022893	1.6285976023	1.601899281	1.3737499894	1.2839465449	1.3761771096	0.6868749947	1.5727738395	0.4732884239	1.5290856773	1.2693838242	1.3276347071	0.8470649228	1.4004483108	0.3470781775	1.4732619145	0.2257221714	1.3883127102	0.2305764117	1.3106448662	0.296108655	1.2281227821	0.8689090039	1.2281227821	1.1431735778	1.2475397431	1.6407332029	1.1722990193	2.3397437983	1.3033635059
1.5544794189	1.4309927361	1.0605326877	1.4430992736	1.7167070218	1.1573849879	1.387409201	1.1525423729	0.7263922518	1.4043583535	0.5060532688	1.3559322034	1.3777239709	1.0895883777	0.9031476998	1.1985472155	0.3123486683	1.2784503632	0.2251815981	1.1937046005	0.2300242131	1.1089588378	0.2978208232	1.01937046	0.8958837772	1.00968523	1.2300242131	1.0290556901	1.8305084746	0.9273607748	2.602905569	1.0266343826
1.5975609756	1.3414634146	1.2195121951	1.3365853659	1.7195121951	1.1317073171	1.4707317073	1.1243902439	0.9682926829	1.2804878049	0.7682926829	1.2341463415	1.4585365854	1.0731707317	1.0829268293	1.1292682927	0.643902439	1.1707317073	0.543902439	1.0853658537	0.556097561	1.0292682927	0.6268292683	0.9463414634	1.0975609756	0.9682926829	1.3634146341	0.9975609756	1.856097561	0.9585365854	2.3829268293	1.0902439024
1.8077858881	1.4355231144	1.2749391727	1.4379562044	1.9416058394	1.1678832117	1.6155717762	1.1581508516	0.9635036496	1.3844282238	0.7080291971	1.3211678832	1.5936739659	1.0875912409	1.1459854015	1.1800486618	0.5523114355	1.2506082725	0.4403892944	1.1630170316	0.4233576642	1.0827250608	0.4890510949	0.9708029197	1.1776155718	0.9854014599	1.4720194647	1.0072992701	2.0875912409	0.9416058394	2.8540145985	1.0656934307
1.771839441	1.4247530848	1.3689280065	1.4101900209	1.8931983069	1.2135886583	1.6116457382	1.1868897078	1.0922297924	1.3373747014	0.8956284298	1.2815496231	1.5995098516	1.1334918068	1.2111614809	1.1868897078	0.774269564	1.2160158356	0.6796096486	1.1383461614	0.6965998898	1.050967778	0.7475706135	0.9830068132	1.2305788995	1.0072785864	1.4805781631	1.0436862461	2.0679550737	1.0072785864	2.6941668213	1.1723266439
1.6626213592	1.5121359223	1.140776699	1.5266990291	1.7669902913	1.2111650485	1.4538834951	1.2257281553	0.8155339806	1.463592233	0.5922330097	1.4174757282	1.4466019417	1.1626213592	0.932038835	1.2718446602	0.4368932039	1.3422330097	0.3155339806	1.2524271845	0.317961165	1.1480582524	0.3980582524	1.0339805825	0.9611650485	1.0533980583	1.3058252427	1.072815534	1.9466019417	0.9733009709	2.6941747573	1.0922330097
1.5849514563	1.4684466019	1.1553398058	1.4733009709	1.7524271845	1.2233009709	1.4393203883	1.2257281553	0.8640776699	1.4247572816	0.6723300971	1.3859223301	1.432038835	1.1747572816	1.0412621359	1.2451456311	0.5412621359	1.3252427184	0.4441747573	1.2475728155	0.4466019417	1.1699029126	0.4975728155	1.0970873786	1.0655339806	1.0898058252	1.3276699029	1.0995145631	1.8980582524	1.0121359223	2.5655339806	1.1189320388
1.5582478372	1.3325203468	1.1456276934	1.3519377653	1.7232958947	1.0752395512	1.4101900209	1.0800939058	0.8300946422	1.3228116375	0.6237845703	1.2864039777	1.388345425	1.0266960049	0.9878611678	1.1286374522	0.4563093355	1.2330060768	0.3519407109	1.1747538212	0.3349504697	1.0970841471	0.3810668387	0.9951426998	0.9563078627	0.9417447988	1.2742680912	0.9465991534	1.8470819379	0.8252402876	2.553390537	0.9490263308
1.7274734644	1.4282069346	1.3260183635	1.3892779551	1.9367167291	1.1362395885	1.6155526484	1.11920816	1.0535155071	1.3260183635	0.7956110181	1.2578926494	1.6131195871	1.0462163235	1.1703024456	1.1289404049	0.6423281614	1.1824677517	0.525541223	1.0973106091	0.5279742842	1.0170195889	0.5766355085	0.9269963238	1.1800346904	0.9367285687	1.5011987711	0.9659253033	2.1775897896	0.895366528	2.8272171346	1.0608146908
1.4708694538	1.4004813116	1.0218416502	1.4223259075	1.6456262206	1.1310646295	1.3131029282	1.15776358	0.7694152093	1.3907726024	0.5776682013	1.3616464746	1.2864039777	1.104365679	0.8834925432	1.2135886583	0.4393190943	1.3131029282	0.330096115	1.2330060768	0.3252417604	1.15776358	0.3616494202	1.0776667285	0.8300946422	1.0412590688	1.1650451119	1.0339775368	1.8033927462	0.9150458483	2.3859153021	1.004851409
1.7499948452	1.4902868723	1.3398018787	1.4927140497	1.8203829874	1.303394219	1.5679565465	1.2985398643	1.0800939058	1.4368889714	0.8834925432	1.3859182477	1.5558206599	1.2548506726	1.1990255944	1.303394219	0.7791239186	1.342229056	0.6965998898	1.2694137365	0.6965998898	1.203879949	0.7330075496	1.1359189841	1.1893168851	1.1432005161	1.4708694538	1.1723266439	1.9441690305	1.1359189841	2.5266915865	1.2669865592
1.5255474453	1.4939172749	1.104622871	1.496350365	1.7080291971	1.197080292	1.3746958637	1.2068126521	0.7153284672	1.4379562044	0.5182481752	1.396593674	1.3746958637	1.1362530414	0.9294403893	1.2262773723	0.3406326034	1.3430656934	0.2116788321	1.2603406326	0.2068126521	1.1727493917	0.2554744526	1.0705596107	0.9367396594	1.0389294404	1.2603406326	1.0535279805	1.8661800487	0.9586374696	2.6472019465	1.102189781
1.6067771848	1.3058098572	1.1941606872	1.3155184806	1.7451250693	1.0533856469	1.475710768	1.0582399586	0.9101834506	1.2645482074	0.7038752018	1.2184322459	1.4660021445	1.0024153736	1.0412498675	1.0897929849	0.5485372262	1.1577533492	0.4465966798	1.0825115173	0.4441695239	0.995133906	0.5024212647	0.9126106065	1.0121239971	0.9101834506	1.3519258187	0.9271735417	1.8689100186	0.8616403333	2.5412321942	0.9757166591
1.604368932	1.1917475728	1.1067961165	1.1747572816	1.7985436893	0.8834951456	1.4684466019	0.8737864078	0.7597087379	1.104368932	0.5145631068	1.0412621359	1.4708737864	0.817961165	0.9417475728	0.8932038835	0.359223301	0.9733009709	0.2402912621	0.8883495146	0.2378640777	0.8009708738	0.2912621359	0.6868932039	0.9757281553	0.6941747573	1.3082524272	0.7184466019	2.0072815534	0.6529126214	2.7936893204	0.8276699029
1.8179558101	1.5436847733	1.4053356663	1.5218401774	1.9732951583	1.303394219	1.6674708164	1.2839768004	1.1456276934	1.4538792126	0.9271817349	1.3980541343	1.6650436391	1.2402876087	1.2402876087	1.296112687	0.7936869825	1.3300931694	0.7014542445	1.2475691407	0.6941727125	1.1747538212	0.7499977908	1.0849482605	1.2402876087	1.1092200336	1.5582478372	1.1553364027	2.070382251	1.1092200336	2.7063027079	1.2669865592
1.4209245742	1.4184914842	0.9562043796	1.4622871046	1.503649635	1.1727493917	1.2530413625	1.1703163017	0.6545012165	1.4184914842	0.4574209246	1.3771289538	1.2262773723	1.1192214112	0.8077858881	1.2214111922	0.3138686131	1.3163017032	0.2165450122	1.2360097324	0.2141119221	1.1411192214	0.2652068127	1.0437956204	0.8077858881	1.0267639903	1.1240875912	1.0316301703	1.7420924574	0.9367396594	2.399026764	1.0413625304
1.4684293004	1.6164858083	0.9999882178	1.5776513144	1.6334758994	1.3227999482	1.3373628835	1.3033827013	0.6723221755	1.4951280149	0.4635867709	1.419886183	1.3252271041	1.2475581163	0.8786304243	1.3058098572	0.3228117305	1.3373628835	0.2330069634	1.2451309605	0.240288431	1.1504718816	0.2985401718	1.0606671145	0.8810575802	1.1164916994	1.21600509	1.1504718816	1.8203669013	1.1116373877	2.4951162327	1.291246922
1.8106582778	1.3179456365	1.4174590271	1.3009555454	1.9441518505	1.1116373877	1.6723103933	1.0825115173	1.1310546347	1.2378494929	0.9611537239	1.1747434403	1.6626017698	1.0266869323	1.2766839868	1.0800843614	0.8422230863	1.1019287642	0.7499911633	1.014551153	0.7572726309	0.9465907887	0.8009614366	0.866494645	1.2815382985	0.9053291389	1.5727970027	0.9514451004	2.0946355144	0.9296006976	2.6795800787	1.1140645436
1.4306569343	1.4136253041	0.9489051095	1.3868613139	1.6228710462	1.097323601	1.2652068127	1.0875912409	0.5815085158	1.3138686131	0.3479318735	1.2457420925	1.2457420925	1.0316301703	0.7688564477	1.104622871	0.1630170316	1.1581508516	0.0535279805	1.0632603406	0.0437956204	0.9756690998	0.1094890511	0.8637469586	0.7931873479	0.8856447689	1.1070559611	0.9270072993	1.7785888078	0.8491484185	2.6301703163	1.0340632603
1.4902737032	1.3616344421	1.0218326206	1.3761973774	1.6626017698	1.0946472966	1.3422171952	1.0946472966	0.701448046	1.3227999482	0.4781497061	1.2863926102	1.3300814159	1.0412498675	0.8543588657	1.1407632581	0.3349475098	1.2257137135	0.2087354047	1.1286274788	0.2111625605	1.0606671145	0.2499970544	0.9708623473	0.8567860215	0.9490179445	1.199014999	0.958726568	1.7742509398	0.8470773981	2.5727852204	0.9538722563
1.725723072	1.5291217094	1.2524234953	1.8009655688	1.6941697669	1.1359189841	1.2985398643	1.3786367158	0.8616479474	1.9611592717	0.5898040879	2.0606735417	1.2427147861	1.3203844602	0.8713566566	1.6747523484	0.3665037748	2.1043627334	0.2014557173	2.0970812015	0.1310675751	2.01698435	0.1043686246	1.8980526615	0.728153195	1.4611607445	1.0946569697	1.2815496231	1.7038784762	0.7961141598	2.6844581121	0.4004842572
1.5194174757	1.5558252427	0.9733009709	1.5606796117	1.7160194175	1.2184466019	1.2815533981	1.2451456311	0.6480582524	1.4975728155	0.4053398058	1.4344660194	1.2669902913	1.1723300971	0.7912621359	1.2839805825	0.2208737864	1.359223301	0.0849514563	1.2694174757	0.0703883495	1.1844660194	0.1334951456	1.0533980583	0.7888349515	1.0339805825	1.1626213592	1.0606796117	1.8737864078	0.9684466019	2.7985436893	1.0898058252
1.5485436893	1.6165048544	1.0631067961	1.5776699029	1.7645631068	1.286407767	1.390776699	1.286407767	0.7427184466	1.4902912621	0.4854368932	1.4296116505	1.3786407767	1.2233009709	0.9101941748	1.2936893204	0.3131067961	1.3398058252	0.2063106796	1.2524271845	0.1917475728	1.1723300971	0.2451456311	1.0655339806	0.9053398058	1.0703883495	1.2815533981	1.109223301	1.9708737864	1.0752427184	2.7548543689	1.2621359223
1.5436711323	1.3397900393	1.0388227117	1.3009555454	1.7135720431	1.0266869323	1.308237013	1.0121239971	0.7135838253	1.2135779342	0.4951397971	1.1577533492	1.3009555454	0.9490179445	0.8616403333	1.0194054647	0.2985401718	1.0703757379	0.1893181577	0.9829981267	0.1699009108	0.8907662037	0.2330069634	0.7863985013	0.9053291389	0.8033885924	1.2257137135	0.8397959304	1.9028902008	0.7912528131	2.7111331049	0.9635808797
1.6489055781	1.4648867471	1.1210620891	1.4334098417	1.8837717177	1.1404324923	1.4987849528	1.1283259903	0.7869226327	1.3535069283	0.5133156866	1.2953957185	1.4745719487	1.0605295789	0.9394645584	1.1476963936	0.3510885592	1.2203354058	0.2203383372	1.1380111919	0.2009679339	1.0605295789	0.2421300408	0.9515710605	0.9176728548	0.9273580564	1.3728773315	0.9588349617	2.0532627463	0.8934598507	2.9225095929	1.0750573813
1.4514392093	1.5412439764	0.9441636328	1.4999823266	1.6480388346	1.2766839868	1.2985283896	1.2596938957	0.6067889671	1.4077504036	0.3907720948	1.3325085717	1.2961012337	1.1917335314	0.8228058394	1.2402766487	0.240288431	1.2451309605	0.1504836638	1.1528990375	0.1601922873	1.0606671145	0.2257254958	0.9757166591	0.8931933596	1.0533856469	1.1747434403	1.1092102318	1.7936681867	1.0703757379	2.5557951294	1.2694025191
1.3913013659	1.2028959726	1.0124201904	1.4658353676	1.4244275889	0.8674929648	1.1283619709	1.0600391359	0.7142841834	1.5921290928	0.5113860675	1.6645927056	1.0973061368	1.0207017461	0.7826070183	1.3250489199	0.3478253415	1.6956485397	0.2422355057	1.6811558171	0.1863350044	1.6231849269	0.1759830597	1.5320878136	0.7204953502	1.1345731377	0.9668716337	0.9896459121	1.4264979778	0.6024831808	2.0890224378	0.3333326189
1.3043478261	1.2877846791	0.8467908903	1.0600414079	1.6107660455	1.1097308489	1.3209109731	0.9606625259	0.5714285714	0.8530020704	0.3726708075	0.6915113872	1.3291925466	0.8944099379	0.7950310559	0.7412008282	0.2443064182	0.5403726708	0.1966873706	0.4223602484	0.2298136646	0.3457556936	0.314699793	0.2774327122	0.9047619048	0.5590062112	1.215320911	0.7432712215	1.8633540373	0.9751552795	2.4347826087	1.4389233954
1.4057971014	0.9606625259	0.8861283644	0.8737060041	1.5921325052	0.6873706004	1.198757764	0.6335403727	0.5527950311	0.7784679089	0.3002070393	0.6997929607	1.1801242236	0.5652173913	0.6894409938	0.602484472	0.1469979296	0.6066252588	0.0289855072	0.4989648033	0.033126294	0.3954451346	0.1014492754	0.3002070393	0.7246376812	0.3788819876	1.066252588	0.4451345756	1.7805383023	0.4699792961	2.5527950311	0.7639751553
1.5929752066	1.2479338843	1.1694214876	1.5144628099	1.555785124	0.9111570248	1.2438016529	1.1074380165	0.8388429752	1.6239669421	0.6115702479	1.694214876	1.1983471074	1.0495867769	0.9008264463	1.3285123967	0.4297520661	1.7169421488	0.2933884298	1.7004132231	0.2396694215	1.632231405	0.229338843	1.541322314	0.826446281	1.1508264463	1.0805785124	1.0041322314	1.5867768595	0.6012396694	2.3409090909	0.291322314
1.563772767	1.6213854479	1.1131592986	1.6255006394	1.7222076394	1.3559555966	1.3394948307	1.3641859796	0.8189231069	1.5658303627	0.5967027663	1.5287936393	1.3312644477	1.3148036817	0.92386049	1.3991651073	0.4485558726	1.4670657669	0.3333305109	1.3868195328	0.3436184896	1.2942277242	0.4012311705	1.2036935114	0.9218028942	1.2016359157	1.2345574476	1.2242694689	1.8250874267	1.1337352561	2.5123244059	1.2736517668
1.1594202899	1.2939958592	0.7225672878	0.9772256729	1.5403726708	1.1780538302	1.2277432712	0.9606625259	0.5155279503	0.7556935818	0.3374741201	0.5569358178	1.2505175983	0.9047619048	0.7556935818	0.6790890269	0.248447205	0.4078674948	0.2132505176	0.2753623188	0.2567287785	0.1925465839	0.3623188406	0.149068323	0.8571428571	0.4906832298	1.2028985507	0.751552795	1.7867494824	1.0517598344	2.4140786749	1.6997929607
1.4037267081	1.6231884058	0.9544513458	1.602484472	1.5403726708	1.3747412008	1.2215320911	1.3374741201	0.5776397516	1.5175983437	0.3664596273	1.4575569358	1.2173913043	1.281573499	0.7660455487	1.3416149068	0.2236024845	1.3726708075	0.1283643892	1.2836438923	0.1262939959	1.1842650104	0.1904761905	1.1055900621	0.7867494824	1.1387163561	1.149068323	1.1801242236	1.7619047619	1.1511387164	2.5072463768	1.3374741201
1.486539257	1.2153183062	1.0621095249	1.1966848058	1.6749446503	0.9730828006	1.3913013659	0.9440973554	0.7784662404	1.1200804151	0.5527938463	1.0538279691	1.3830198102	0.8881968541	0.9171822992	0.9461677444	0.4057962317	0.9896459121	0.3022767849	0.9047599656	0.3022767849	0.8343667418	0.3271214521	0.7681142958	0.9047599656	0.7681142958	1.256726085	0.8053812966	1.9420248232	0.7411992396	2.5652118934	0.9130415214
1.2857142857	1.6066252588	0.8364389234	1.5320910973	1.4327122153	1.4057971014	1.1387163561	1.3395445135	0.5258799172	1.4099378882	0.3291925466	1.314699793	1.1366459627	1.2877846791	0.701863354	1.265010352	0.198757764	1.2236024845	0.115942029	1.1200828157	0.1304347826	1.0414078675	0.2028985507	0.9648033126	0.7432712215	1.0786749482	1.0517598344	1.1739130435	1.6501035197	1.231884058	2.3002070393	1.5010351967
1.7520623761	1.2871873353	1.2892534465	1.5723106936	1.7314012631	0.960741751	1.4008234563	1.1549562125	0.9483450833	1.6859468147	0.7128083959	1.7396657083	1.3656995644	1.0909067625	1.0041300882	1.3966912338	0.5433872699	1.7603268212	0.3925611456	1.7396657083	0.3223133616	1.6632195905	0.3264455842	1.5351206904	0.896692301	1.2107412174	1.2210717739	1.0557828705	1.7913184906	0.6363622781	2.5247879995	0.4173544811
1.4678963184	1.2567180046	1.0848768277	1.602470734	1.4264888059	0.933739407	1.1739029796	1.155269599	0.8074464939	1.7681007841	0.5797051751	1.890252946	1.1304250915	1.1180028377	0.8074464939	1.519655709	0.4140751251	1.9275197072	0.2836414607	1.9192382047	0.2194598163	1.857126936	0.2091079382	1.7515377791	0.6997869614	1.3519552834	0.9751469195	1.1490584721	1.420277679	0.6563090732	2.0496718691	0.2939933388
1.4833897197	0.8941831737	1.0103647461	0.9792446821	1.5684512281	0.6078785844	1.2800719679	0.655596016	0.6950147638	0.983394024	0.4833983282	0.9688713274	1.2551759166	0.6037292426	0.8132710071	0.7717775884	0.3112006405	0.9336019215	0.1867203843	0.8651377806	0.1742723587	0.7738522594	0.2074670937	0.6742680544	0.7821509431	0.5829825332	1.1265463186	0.5394144435	1.6742594458	0.3630674139	2.4086929574	0.3423207045
1.7871900826	1.382231405	1.3698347107	1.6962809917	1.7541322314	1.0351239669	1.4690082645	1.229338843	1.0619834711	1.8326446281	0.8202479339	1.9380165289	1.423553719	1.2024793388	1.0785123967	1.5578512397	0.6487603306	1.9731404959	0.5061983471	1.9628099174	0.4545454545	1.8946280992	0.4462809917	1.7871900826	0.9545454545	1.3966942149	1.2933884298	1.173553719	1.7396694215	0.7417355372	2.5020661157	0.3698347107
1.1244716476	1.2738479551	0.7510308791	1.3049680191	1.1970851304	1.0580821777	0.9647219855	1.0643061905	0.4979210248	1.275922626	0.3008272858	1.2468772329	0.9543486308	1.0186634299	0.5788331913	1.1161729639	0.1576749912	1.2033091432	0.06638947	1.1472930279	0.0601654572	1.078828887	0.1058082178	0.9937673786	0.5331904307	0.9647219855	0.8319430456	0.9626473146	1.2821466388	0.8692871224	1.9003985779	0.9273779087
1.0206524431	1.4276737615	0.6115650266	1.0991641695	1.3016417796	1.2954434854	1.0351151295	1.0702387966	0.4111535145	0.8471002058	0.2479317675	0.6487547917	1.0619744043	1.0144541489	0.6590852821	0.7954477542	0.1673539431	0.493797437	0.1363624722	0.3656993571	0.1797505315	0.2913198269	0.2768571404	0.2417334734	0.787183362	0.6446225956	1.0537100121	0.8822238729	1.5826311162	1.2066012687	2.0722963571	1.8099019031
1.4451314783	1.3271193088	0.9420269665	1.3022746416	1.6604519278	1.0372648576	1.3064154195	1.0186313572	0.6459613485	1.2256702509	0.4161481764	1.1656289717	1.2960634748	0.9544493001	0.8322963528	1.0331240797	0.2401651167	1.0952357479	0.1097306137	1.0103498014	0.1138713916	0.9399565776	0.1759830597	0.8405779086	0.8571410201	0.8488594643	1.1987551947	0.8737041316	1.7743233193	0.8178036303	2.5527895598	1.0082794125
1.6	1.1546391753	1.0701030928	1.406185567	1.581443299	0.7835051546	1.1958762887	0.987628866	0.7319587629	1.5010309278	0.4762886598	1.5731958763	1.1567010309	0.9237113402	0.7422680412	1.2618556701	0.2639175258	1.6041237113	0.1051546392	1.5690721649	0.0371134021	1.4969072165	0.0432989691	1.3587628866	0.6783505155	1.018556701	0.9711340206	0.8886597938	1.6432989691	0.4577319588	2.4412371134	0.2783505155
1.3726590396	1.1573399746	1.0703841983	1.4285591815	1.3126181465	0.8757688895	1.0890175789	1.0993694571	0.8322910014	1.569344724	0.6625202001	1.6645820028	1.0434693152	1.0641730714	0.8260798745	1.3726590396	0.5155235307	1.7204821447	0.3954417444	1.7246228959	0.3540342319	1.6832153834	0.3229785976	1.5796966022	0.7080684639	1.2318734971	0.9151060264	1.0786657008	1.287773639	0.6500979464	1.8260713016	0.3395416026
1.1683966434	1.3076894816	0.7027011841	1.0353407978	1.4511403151	1.1122637085	1.1205796989	0.918916933	0.4345104955	0.808730061	0.2577957007	0.6320152662	1.1392906771	0.858626003	0.6985431889	0.7068591793	0.1683988045	0.4948014255	0.1143448672	0.3596665824	0.1600828141	0.2785856765	0.2453217152	0.2099787562	0.8212040465	0.5384603748	1.0665257616	0.7047801817	1.7318049892	0.9708918727	2.4012422119	1.5301422233
1.5394190871	1.3008298755	1.0622406639	1.5248962656	1.5082987552	0.9937759336	1.1804979253	1.1369294606	0.6721991701	1.6244813278	0.4253112033	1.6618257261	1.1410788382	1.0705394191	0.7302904564	1.3692946058	0.2323651452	1.6659751037	0.0663900415	1.6348547718	0.0082987552	1.5456431535	0.0228215768	1.4232365145	0.6307053942	1.1597510373	1.0186721992	1.0124481328	1.5497925311	0.6721991701	2.3692946058	0.4481327801
1.4865424431	1.2629399586	0.983436853	1.2670807453	1.5983436853	0.9792960663	1.265010352	0.983436853	0.6604554865	1.2173913043	0.4223602484	1.1573498965	1.265010352	0.9233954451	0.801242236	1.0186335404	0.265010352	1.0931677019	0.1552795031	1.0186335404	0.1449275362	0.9378881988	0.1863354037	0.8385093168	0.850931677	0.8260869565	1.1677018634	0.8364389234	1.7556935818	0.7267080745	2.5610766046	0.8260869565
