Females scaled values 80 aeg 65 scu		
1.8033980583	1.5873786408	1.2912621359	1.9077669903	1.7645631068	1.1553398058	1.4247572816	1.3689320388	0.9053398058	2.072815534	0.5898058252	2.2063106796	1.3665048544	1.3131067961	0.9417475728	1.7524271845	0.3810679612	2.2548543689	0.213592233	2.2572815534	0.1432038835	2.1941747573	0.109223301	2.0582524272	0.8349514563	1.4805825243	1.2063106796	1.2645631068	1.7645631068	0.7572815534	2.6941747573	0.3689320388
1.5655339806	1.8422330097	1.0388349515	1.8276699029	1.7184466019	1.4660194175	1.3470873786	1.4684466019	0.6504854369	1.7645631068	0.3665048544	1.7087378641	1.322815534	1.4029126214	0.7645631068	1.5339805825	0.182038835	1.6286407767	0.0606796117	1.5388349515	0.0485436893	1.4368932039	0.0922330097	1.3155339806	0.8033980583	1.2694174757	1.2063106796	1.2791262136	1.890776699	1.1674757282	2.8398058252	1.3373786408
1.7451456311	1.5509708738	1.3009708738	1.7718446602	1.7233009709	1.1432038835	1.3786407767	1.3470873786	0.9368932039	1.9004854369	0.6480582524	1.9733009709	1.3325242718	1.2961165049	0.9684466019	1.5898058252	0.4247572816	2.0048543689	0.2451456311	1.9878640777	0.1796116505	1.9126213592	0.1650485437	1.7815533981	0.859223301	1.359223301	1.182038835	1.213592233	1.7839805825	0.7791262136	2.6747572816	0.4830097087
1.7111600081	1.5922283196	1.2281517222	1.7961112142	1.7572763772	1.2014527717	1.3859182477	1.3713551838	0.8446577061	1.8883439522	0.5849497333	1.9344603213	1.3446562333	1.3058213963	0.9101914937	1.6213544474	0.4004842572	1.9393146759	0.2330090224	1.9029070161	0.1771839441	1.832518874	0.1771839441	1.7063056535	0.8616479474	1.3859182477	1.2232973675	1.249996318	1.7524220225	0.9053371391	2.745137545	0.6334932796
1.5728109011	1.6383446886	1.104365679	1.5970826743	1.8009655688	1.3228116375	1.3907726024	1.2985398643	0.7354347269	1.5048499362	0.4951441726	1.4296074394	1.3834910704	1.2305788995	0.9296089122	1.2985398643	0.3276689377	1.3543649426	0.1966013626	1.2451419634	0.1771839441	1.1601907573	0.2160187812	1.0461134234	0.9004827844	1.0631036646	1.3349475241	1.1019385017	2.0048484634	1.0412590688	2.9053312479	1.2548506726
1.548525444	1.5776513144	1.0630942703	1.5266810412	1.7232806665	1.2596938957	1.3349357276	1.2378494929	0.682030799	1.4490120534	0.4223251211	1.3907603126	1.3325085717	1.1674619727	0.8859118919	1.2402766487	0.2427155868	1.3058098572	0.0970862347	1.1965878431	0.0898047671	1.106783076	0.1456293521	0.9975610619	0.8810575802	1.0121239971	1.271829675	1.0558128027	1.9247346036	0.9902795943	2.8494809894	1.21600509
1.818401937	1.4285714286	1.4237288136	1.7142857143	1.7336561743	1.0847457627	1.4455205811	1.2953995157	1.1065375303	1.8934624697	0.8595641646	2.0169491525	1.3946731235	1.2493946731	1.0799031477	1.6392251816	0.6731234867	2.0653753027	0.5157384988	2.0799031477	0.4455205811	2.0072639225	0.4140435835	1.8837772397	0.9322033898	1.4479418886	1.2421307506	1.2348668281	1.6924939467	0.7481840194	2.4794188862	0.3317191283
1.340956341	1.264033264	0.8856548857	1.2494802495	1.4844074844	0.9833679834	1.1600831601	0.9792099792	0.5862785863	1.182952183	0.3846153846	1.1288981289	1.1392931393	0.9189189189	0.7027027027	0.9979209979	0.2016632017	1.0498960499	0.0873180873	0.9625779626	0.0831600832	0.8794178794	0.1455301455	0.7817047817	0.7463617464	0.7920997921	1.0478170478	0.8232848233	1.738045738	0.7754677755	2.3659043659	0.9272349272
1.2800802326	1.2551840206	0.8485458916	1.2531093363	1.4522790321	0.9709522672	1.0767611681	0.9854750575	0.5394179262	1.201242228	0.3153520184	1.157673857	1.0518649561	0.9294585806	0.6535255645	1.0228193755	0.1742734839	1.0975080114	0.0580911613	1.0145206382	0.0456430553	0.9356826336	0.0892114263	0.8360977856	0.6576749331	0.8153509423	1.0041472165	0.8360977856	1.5601626174	0.7593344654	2.3257211357	0.8900395783
1.3726708075	1.1614906832	0.917184265	1.1407867495	1.5900621118	0.8405797101	1.2049689441	0.8488612836	0.5942028986	1.0621118012	0.3726708075	1.0062111801	1.1904761905	0.784679089	0.7412008282	0.8716356108	0.2339544513	0.9358178054	0.115942029	0.8530020704	0.0869565217	0.768115942	0.132505176	0.6625258799	0.7494824017	0.6501035197	1.1097308489	0.6770186335	1.7556935818	0.6107660455	2.5155279503	0.7722567288
1.2095409653	1.2551840206	0.8091268893	1.238586546	1.3423207626	0.9979231635	1.0248940598	0.9916991105	0.5248951359	1.1742713317	0.3360988617	1.1224042234	1.0145206382	0.9377573179	0.6390027741	1.0041472165	0.1846469055	1.0497902718	0.0746886359	0.9626535299	0.0788380046	0.8879648939	0.1224063756	0.807052205	0.6535255645	0.807052205	0.9460560552	0.8360977856	1.5020714561	0.7800813087	2.1763438639	0.9253092119
1.4190840828	1.1618232257	0.9253092119	1.151449804	1.5145195621	0.8423218386	1.170121963	0.8547699446	0.6224052995	1.0892092741	0.363069758	1.0269687442	1.1431510667	0.7863053617	0.7033179884	0.8879648939	0.1763481682	0.9522801082	0.049792424	0.863068682	0.0394190023	0.7780066244	0.0995848479	0.6597496175	0.6908698824	0.6556002488	1.0746864838	0.6742724078	1.6846436773	0.5975090875	2.4937705666	0.7344382534
1.2857115301	1.2484445292	0.9689420227	1.2360221956	1.3788790323	1.0621095249	1.1304323598	1.0434760244	0.7204953502	1.1739105275	0.5527938463	1.1283619709	1.1180100262	0.9979274678	0.7950293519	1.0455464134	0.4223593432	1.0766022474	0.3229806742	1.0144905793	0.3105583406	0.9523789112	0.3705996198	0.8778449094	0.7826070183	0.8985487988	1.0662503027	0.9296046329	1.4658353676	0.892337632	2.1035151604	1.0393352466
1.289852308	1.3333304757	0.8447186864	1.3022746416	1.4658353676	1.0393352466	1.089024581	1.0331240797	0.5445122905	1.2339518067	0.3167695074	1.1676993607	1.0745318585	0.9772235784	0.6645948489	1.0476168023	0.165631115	1.0973061368	0.0393373898	1.0103498014	0.0269150562	0.9378861886	0.0683228349	0.8509298533	0.6852987383	0.8385075196	1.0124201904	0.8737041316	1.6273257048	0.8178036303	2.4368477793	1.0082794125
1.2468879668	1.4211618257	0.8526970954	1.4232365145	1.3423236515	1.1929460581	1.0560165975	1.1867219917	0.5726141079	1.3651452282	0.3817427386	1.3112033195	1.0435684647	1.1348547718	0.6473029046	1.2136929461	0.2489626556	1.255186722	0.1348547718	1.1804979253	0.1244813278	1.1058091286	0.1680497925	1.020746888	0.6784232365	1.0145228216	0.9917012448	1.0456431535	1.4917012448	0.9875518672	2.1348547718	1.1348547718
1.1966848058	1.3043450305	0.826085186	1.2857115301	1.3291896978	1.0641799138	1.0269129129	1.0558983581	0.5424419016	1.223599862	0.3395437857	1.1594178049	1.0186313572	0.9999978567	0.6376797927	1.0621095249	0.2028981159	1.09109497	0.1055898358	1.0020682457	0.1180121694	0.9213230771	0.1552791703	0.8426482975	0.6563132931	0.8674929648	0.9606604669	0.9068303546	1.4409907004	0.8612817979	2.1345709944	1.0455464134
1.2836438923	1.1035196687	0.8695652174	1.0973084886	1.4265010352	0.8136645963	1.0786749482	0.8240165631	0.5610766046	1.049689441	0.3457556936	1.0020703934	1.0579710145	0.768115942	0.6666666667	0.8571428571	0.1863354037	0.9358178054	0.0641821946	0.8467908903	0.0600414079	0.768115942	0.1097308489	0.6666666667	0.6977225673	0.6501035197	0.9896480331	0.6770186335	1.5548654244	0.5879917184	2.33126294	0.7246376812
1.2785835154	1.3492694333	0.8752579837	1.3305584551	1.4157973561	1.0914737327	1.1309746868	1.0789997472	0.6029092999	1.2723465227	0.3908515462	1.2328455685	1.1164217037	1.0249458099	0.713096172	1.1039477182	0.2370057248	1.1663176458	0.1101868721	1.0873157375	0.0977128865	1.014550822	0.1538458214	0.9147589379	0.6902271986	0.9064429475	1.039498793	0.9313909185	1.6361711002	0.8835739741	2.3492672722	1.0291038051
1.3471817015	1.4053932565	0.9064370708	1.3846034155	1.5322112871	1.0935456404	1.1683890683	1.0956246245	0.5966684388	1.3014440512	0.3513483141	1.2432324962	1.1455202431	1.0353340854	0.6943806918	1.1205724338	0.2182933313	1.1808629729	0.0873173325	1.0935456404	0.0873173325	1.0062283079	0.1309759988	0.9168319913	0.7380393581	0.9043580867	1.0873086881	0.929305896	1.646555413	0.8544624681	2.4303324214	1.008307292
1.2530877617	1.4812991091	0.8443819851	1.460552623	1.3879399215	1.2095201409	1.0974891158	1.2032961951	0.5746776656	1.3920892188	0.3879592905	1.3339990576	1.0808919269	1.1389820881	0.6887833392	1.2157440867	0.2240620501	1.2510131131	0.1203296195	1.1535046284	0.1058070792	1.0684440353	0.1638972404	0.9750848477	0.684634042	1.0020552797	0.989607388	1.0435482519	1.5767329452	0.9875327394	2.2012021775	1.1514299797
1.0247933884	1.2995867769	0.7066115702	1.0309917355	1.3512396694	1.1673553719	1.0805785124	0.9710743802	0.4814049587	0.7809917355	0.3367768595	0.6033057851	1.1012396694	0.902892562	0.7066115702	0.7128099174	0.2561983471	0.458677686	0.208677686	0.3202479339	0.2438016529	0.2561983471	0.3429752066	0.2004132231	0.8491735537	0.5475206612	1.1074380165	0.7809917355	1.5991735537	1.0578512397	2.1198347107	1.6714876033
1.045452314	1.2665262223	0.706610062	0.9834689752	1.3243773385	1.1095017641	1.0578489818	0.9028906348	0.4834700425	0.7252050637	0.338842252	0.5433872699	1.080576206	0.8429734074	0.6756183927	0.6404945007	0.2582639116	0.3925611456	0.2107433518	0.2479333551	0.2561978003	0.1673550147	0.3677678101	0.1239666776	0.826444517	0.4793378199	1.0888406512	0.7210728411	1.588839584	1.0061961995	2.1466896329	1.5991701404
1.1538436602	1.1975026096	0.7837820899	0.9251539258	1.3804543971	1.0291038051	1.1205796989	0.8357570296	0.5613293482	0.6860692034	0.4012465341	0.5031174158	1.1372116796	0.7754660996	0.7525971261	0.6029092999	0.3076916427	0.3471925969	0.2598746983	0.1995837683	0.3097706403	0.1392928383	0.411641522	0.0935548914	0.893968962	0.4386684907	1.1330536844	0.6507262444	1.642408093	0.9126799403	2.2307644098	1.5259842281
1.0785123967	1.2603305785	0.7334710744	0.9834710744	1.3946280992	1.1136363636	1.097107438	0.8842975207	0.479338843	0.7231404959	0.3140495868	0.5268595041	1.132231405	0.8223140496	0.6818181818	0.6115702479	0.2252066116	0.367768595	0.1797520661	0.2045454545	0.2334710744	0.1280991736	0.3429752066	0.0578512397	0.8719008264	0.4504132231	1.132231405	0.6880165289	1.6342975207	0.9690082645	2.2396694215	1.6012396694
1.0724614695	1.2608668628	0.6770171825	1.0331240797	1.356104754	1.0869541921	1.0331240797	0.9171822992	0.4389224547	0.8302259639	0.2505170614	0.6645948489	1.0496871912	0.8571410201	0.6024831808	0.7163545723	0.1469976146	0.5320899569	0.0745340017	0.3995850649	0.099378669	0.3333326189	0.1801238375	0.2732913397	0.7018618498	0.5238084012	1.0289833019	0.7349880728	1.6107625933	0.9772235784	2.1718379953	1.453413034
1.0892022417	1.2904453226	0.7344335116	1.080903558	1.3485361088	1.1306956605	1.0539328358	0.9626473146	0.5145183923	0.8796604771	0.3692914267	0.7282094987	1.0622315195	0.9045565284	0.7053881184	0.786300285	0.2780059055	0.5995799007	0.228213803	0.4833983282	0.2531098543	0.4190835292	0.3360966917	0.358918072	0.8008229815	0.6182519391	1.0580821777	0.7945989687	1.5352564931	0.9916927077	2.0871189622	1.4460456428
1.0103498014	1.4057940885	0.6356094038	1.1656289717	1.2712188075	1.2401629735	0.9668716337	1.0538279691	0.395444287	0.9482381333	0.2339539499	0.7846774073	0.9999978567	0.9999978567	0.6107647365	0.8550706311	0.1345752809	0.6501021263	0.0703932239	0.5175972343	0.1035194469	0.4389224547	0.1946165601	0.3768107866	0.7101434055	0.6687356268	0.9937866899	0.8778449094	1.5341582026	1.1159396372	2.1035151604	1.6480295941
0.9751016359	1.3008270759	0.6327787211	1.0746864838	1.3008270759	1.1265535921	0.9896244262	0.9502054239	0.381741917	0.8589193133	0.2074684332	0.7074673571	0.9999978478	0.8879648939	0.6348534055	0.763483834	0.0995848479	0.5643141382	0.0477177396	0.4460571313	0.0684645829	0.3672191267	0.1576760092	0.2925304908	0.7323635691	0.5746875599	1.0041472165	0.7614091497	1.5331917211	0.9688775829	2.1431489146	1.5062208248
1.1991675437	1.1410763824	0.8941889469	0.9336079492	1.4502043478	1.0186700068	1.1867194377	0.8423218386	0.6970939354	0.7323635691	0.5497913479	0.5767622442	1.1991675437	0.7904547303	0.8277990483	0.6390027741	0.4730280276	0.456430553	0.4232356037	0.3278001244	0.4647292903	0.2614102258	0.5497913479	0.2136924862	0.9605788455	0.4979242396	1.195018175	0.6804964608	1.632776569	0.9004129999	2.1182527026	1.3900385022
1.0432989691	1.3567010309	0.6865979381	1.1298969072	1.3340206186	1.193814433	1.024742268	1.012371134	0.424742268	0.9051546392	0.2680412371	0.7402061856	1.0474226804	0.9443298969	0.6226804124	0.7958762887	0.175257732	0.6041237113	0.1298969072	0.4824742268	0.1773195876	0.4020618557	0.2536082474	0.3360824742	0.7463917526	0.618556701	1.0350515464	0.8164948454	1.5505154639	1.0412371134	2.1092783505	1.5505154639
1.0680321562	1.2164845022	0.7010249674	0.9979296595	1.2948343515	1.0267953934	1.020609879	0.8762812092	0.4989648297	0.8185497413	0.3278322642	0.665973719	1.0309190697	0.8164879032	0.6474171758	0.7010249674	0.2226785191	0.5278305637	0.162885213	0.3917492465	0.17731808	0.3216467497	0.2762863107	0.2597916056	0.740199892	0.5195832111	1.0041151739	0.6969012911	1.5340075757	0.9030851051	2.0968893878	1.3587513339
1.0268573124	1.3512367853	0.6549572797	1.1260306544	1.2913195578	1.165286769	0.9896673091	1.0061961995	0.3946272569	0.9194195252	0.2169416857	0.7644611782	1.0103284221	0.9483450833	0.5681806054	0.8016511815	0.1136361211	0.6280978329	0.049586671	0.4958667102	0.0826444517	0.4214867037	0.1652889034	0.3491728084	0.677684504	0.60743672	0.9690061962	0.8016511815	1.5123934661	1.0082623108	2.1528879668	1.5185918
1.0227743271	1.3602484472	0.6563146998	1.1118012422	1.3002070393	1.2028985507	1.0393374741	1.0269151139	0.4140786749	0.8757763975	0.2712215321	0.7080745342	1.0517598344	0.9627329193	0.6376811594	0.7991718427	0.198757764	0.5879917184	0.1449275362	0.4472049689	0.1759834369	0.3830227743	0.2587991718	0.3229813665	0.7494824017	0.6231884058	1.0289855072	0.8302277433	1.5258799172	1.0703933747	2.1014492754	1.6107660455
1.2800829876	1.3547717842	0.8195020747	1.3402489627	1.4004149378	1.0643153527	1.0643153527	1.0663900415	0.520746888	1.2717842324	0.3091286307	1.1991701245	1.0622406639	1.010373444	0.643153527	1.0767634855	0.1701244813	1.1307053942	0.0456431535	1.0435684647	0.0394190871	0.9668049793	0.0871369295	0.8796680498	0.6576763485	0.877593361	0.9875518672	0.9066390041	1.5020746888	0.8423236515	2.2385892116	0.9937759336
1.2510265748	1.4045522241	0.8298683746	1.3817308438	1.3692828182	1.1286209895	1.0871275708	1.1327703314	0.5165930632	1.3215653866	0.3298726789	1.2717732841	1.0684555324	1.0746795452	0.6763427253	1.1472930279	0.1659736749	1.1991598014	0.0580907862	1.1244716476	0.0435680897	1.047708823	0.099584205	0.948124618	0.6701187125	0.9460499471	0.9730206693	0.9771700111	1.5477045187	0.9211538959	2.1887778381	1.0705302033
1.5311170367	1.576760092	1.1141054861	1.7925272625	1.570536039	1.1659725944	1.244810599	1.3464701312	0.7738572557	1.9107842694	0.5124470299	1.9875475897	1.2095409653	1.2987523916	0.8360977856	1.6224031473	0.3195013871	2.00207038	0.1556013249	1.9750994837	0.1141076382	1.9087095851	0.1099582696	1.7759297879	0.7427369907	1.4045612925	1.0684624308	1.2489599676	1.5995816197	0.8485458916	2.439828774	0.5518660322
1.3638224164	1.1787916313	0.9376279113	1.1995816071	1.4781672837	0.954259892	1.185028624	0.9604968847	0.6819112082	1.1496856651	0.4844064375	1.099789723	1.1642386482	0.9126799403	0.7650711117	0.9958398437	0.3492715945	1.039498793	0.2328477296	0.9646548799	0.2349267272	0.8918899644	0.2848226693	0.808730061	0.7858610875	0.8212040465	1.0686047592	0.833678032	1.6486450857	0.7650711117	2.2141324291	0.8835739741
1.0973084886	1.3581780538	0.685300207	1.082815735	1.3602484472	1.1469979296	1.0559006211	0.9544513458	0.4389233954	0.8488612836	0.2422360248	0.66873706	1.0641821946	0.8819875776	0.6335403727	0.7412008282	0.1345755694	0.5300207039	0.0600414079	0.3995859213	0.0869565217	0.3229813665	0.1884057971	0.248447205	0.751552795	0.5341614907	1.0455486542	0.7432712215	1.635610766	1	2.3250517598	1.5983436853
1.124221193	1.3271193088	0.7184249613	1.0414056355	1.455483423	1.1283619709	1.1469954713	0.9337454107	0.494822956	0.7970997409	0.3022767849	0.5859200693	1.1718401385	0.8530002422	0.75983274	0.6873691272	0.1925461712	0.4244297322	0.1200825584	0.2608690061	0.1635607261	0.1780534486	0.2795025065	0.1159417805	0.8799152984	0.494822956	1.157347416	0.7080730166	1.7619009857	0.9875755231	2.3933696116	1.5569324809
1.0311181128	1.4439802948	0.6265546681	1.1473004354	1.3277979722	1.2655574423	1.0352674815	1.0456409031	0.3796672327	0.8900395783	0.2012443802	0.6991686198	1.0497902718	0.9792510045	0.5954344032	0.788380046	0.0975101636	0.5414926106	0.031120265	0.3838166013	0.0850620576	0.2925304908	0.1763481682	0.2365140138	0.7489610437	0.5954344032	1.0435662188	0.8277990483	1.6784196243	1.1410763824	2.3132730298	1.7987513155
1.0991735537	1.3739669421	0.7210743802	1.0516528926	1.4545454545	1.2479338843	1.1632231405	1.0103305785	0.4855371901	0.7809917355	0.3099173554	0.576446281	1.1818181818	0.9462809917	0.7231404959	0.7148760331	0.2190082645	0.423553719	0.1652892562	0.2685950413	0.2148760331	0.194214876	0.3367768595	0.1342975207	0.8842975207	0.5433884298	1.1714876033	0.7995867769	1.7830578512	1.1818181818	2.3388429752	1.8161157025
0.9667862533	1.433582191	0.6182452864	1.1203102506	1.3298497604	1.3008046798	1.0103538741	1.0518468464	0.4004071821	0.8485312824	0.2178381043	0.6286185295	1.0476975491	0.989607388	0.6804847448	0.7883664726	0.1265535653	0.4460494516	0.0809112959	0.2863015085	0.1327775112	0.2136888071	0.2489578335	0.1597479431	0.7987397157	0.5912748545	1.0684440353	0.8526805796	1.5912554855	1.1825497089	2.2074261233	1.914900669
0.9232345276	1.4377562418	0.5622394539	1.0705371151	1.2863042856	1.2863042856	1.0290434285	1.0311181128	0.3319494931	0.7655585184	0.1742734839	0.5228204516	1.0518649561	0.9564294769	0.6099571935	0.6991686198	0.1037342166	0.3381735461	0.0809126889	0.1825722212	0.1369291659	0.0995848479	0.2593355415	0.0477177396	0.7904547303	0.5311191889	1.0394168501	0.8091268893	1.5933575667	1.1846447534	2.1784185482	1.9854729054
1.4679057566	1.2732891965	1.0683206917	1.5569324809	1.4223572	0.8881968541	1.0973061368	1.1469954713	0.7556919621	1.7287747627	0.5031045118	1.8385053764	1.0434760244	1.089024581	0.7432696285	1.4596242008	0.3022767849	1.8902650998	0.1366456699	1.8819835441	0.0869563354	1.8281534317	0.0621116681	1.7204932069	0.6024831808	1.2629372518	0.9089007435	1.057968747	1.3975125327	0.5693569578	2.2008234404	0.1718422818
0.9462729128	1.3822196041	0.5619786731	1.0640405024	1.2561876222	1.2541215242	0.9504051089	1.0165202469	0.3450383765	0.8099104407	0.196279316	0.6280938111	0.9875948741	0.9566034031	0.5495820847	0.7334648123	0.1177675896	0.4669381622	0.0764456283	0.3305756901	0.1218997857	0.2603283559	0.2190063947	0.2045437082	0.7272665181	0.5785074576	0.9793304818	0.8161087348	1.5681684297	1.1859402881	2.068164161	1.7851087263
0.9792939674	1.2981338637	0.6231870701	0.9606604669	1.3312600867	1.2194590841	0.9896459121	0.9192526882	0.4161481764	0.6832283493	0.2898544512	0.5031045118	1.0227721351	0.8550706311	0.6335390148	0.627327848	0.2111796716	0.3271214521	0.1780534486	0.1863350044	0.2401651167	0.1138713916	0.3416141747	0.0724636128	0.7991701298	0.4699782888	1.0517575802	0.7349880728	1.5921290928	1.1117988594	2.0703889374	1.7619009857
0.9689896506	1.3966673855	0.6198228042	1.0950202874	1.2974957368	1.2809671287	0.9917164867	1.028905855	0.4090830508	0.8408929377	0.2499951977	0.6425496404	1.0206415509	0.9689896506	0.6280871083	0.7644481252	0.1652860811	0.4586688751	0.1280967129	0.3140435541	0.1880129173	0.2437969697	0.29544887	0.2045415254	0.8161000255	0.6218888802	1.0165093989	0.8099017975	1.5888124548	1.1838615561	2.1073975343	1.8326094245
0.9979296066	1.3333333333	0.6314699793	1.0144927536	1.2919254658	1.1966873706	1.0103519669	0.9606625259	0.4265010352	0.7743271222	0.2732919255	0.5714285714	1.0393374741	0.9047619048	0.5962732919	0.6770186335	0.1884057971	0.4140786749	0.1552795031	0.2712215321	0.2049689441	0.2008281573	0.3002070393	0.1614906832	0.7639751553	0.5238095238	1.0124223602	0.7598343685	1.5797101449	1.1118012422	2.0786749482	1.7122153209
0.9958572375	1.4391477262	0.599988522	1.1133807624	1.3298714662	1.2927587741	0.9999808699	1.0535880918	0.3876214506	0.8659628152	0.2206143363	0.6721520899	1.0350317458	0.9793627077	0.5628758299	0.7566865552	0.1319562385	0.5051449755	0.090719914	0.354632391	0.1422653196	0.2762833744	0.2371088661	0.2226761525	0.7340065767	0.5793703597	1.037093562	0.8453446529	1.6226493704	1.1855443303	2.1504743244	1.8061510146
1.0165544321	1.436840684	0.6293941901	1.1117917108	1.3291811515	1.2981255171	1.0351878127	1.0621026958	0.3975121201	0.8654170114	0.2236005675	0.6770128295	1.0703841983	1.0062025539	0.6376756926	0.7908834889	0.1138706594	0.5051716526	0.0786742738	0.3747379882	0.1304336644	0.2919229632	0.2339524457	0.23188207	0.7743204839	0.6086904339	1.0496804421	0.8529947577	1.652159749	1.2111697408	2.2422168023	1.8881825703
1.3229700246	1.4409814353	0.867487387	1.4140665521	1.4782481965	1.1656214771	1.1407769696	1.155269599	0.5341569113	1.3643775371	0.3084859682	1.3105477709	1.1304250915	1.0993694571	0.718420342	1.1821844821	0.1532077963	1.2463661265	0.0393371369	1.1739029796	0.0248445075	1.0972990814	0.0745335225	0.9896395489	0.701857337	0.9792876708	1.0103433052	1.0062025539	1.6873561347	0.9213171533	2.4596062429	1.0745249496
1.0991712076	1.5785090275	0.7045439508	1.179749548	1.4855340193	1.3925590112	1.1549562125	1.1012373189	0.4504122618	0.8780972993	0.2582639116	0.6198333878	1.2024767723	1.0351217576	0.7376017314	0.7975189589	0.1528922356	0.4070239246	0.1136361211	0.2417350212	0.1797516825	0.1570244582	0.3099166939	0.1074377872	0.9421467494	0.6115689426	1.2210717739	0.8801634106	1.8656984972	1.2871873353	2.4607385494	2.0640451812
1.3739405493	1.3636101693	1.0041129428	1.5991428349	1.3574119412	0.9999807908	1.0495666151	1.2107205442	0.7479195171	1.7045127116	0.5103207755	1.8140147403	1.0103111709	1.169399024	0.7065979968	1.4834425781	0.3078453261	1.8615344887	0.148757473	1.8574023366	0.0847091166	1.7954200562	0.0743787365	1.6714554954	0.5681709039	1.326420801	0.8656858499	1.1404739598	1.3677423213	0.7024658448	2.1197939904	0.4049508988
1.4969072165	1.4845360825	1.1175257732	1.6948453608	1.4969072165	1.1113402062	1.2082474227	1.3030927835	0.812371134	1.824742268	0.5731958763	1.9134020619	1.1587628866	1.2597938144	0.8783505155	1.5443298969	0.3917525773	1.9463917526	0.2597938144	1.9257731959	0.206185567	1.8618556701	0.2041237113	1.7257731959	0.7793814433	1.3628865979	1.012371134	1.2371134021	1.4907216495	0.8288659794	2.2432989691	0.4845360825
1.1053719008	1.3099173554	0.7458677686	1.020661157	1.4173553719	1.1549586777	1.1384297521	0.9566115702	0.5041322314	0.7789256198	0.3388429752	0.6095041322	1.1487603306	0.8925619835	0.7376033058	0.7148760331	0.2438016529	0.4483471074	0.2045454545	0.326446281	0.2417355372	0.2541322314	0.3347107438	0.1962809917	0.8450413223	0.5309917355	1.1074380165	0.7479338843	1.6900826446	1.0640495868	2.270661157	1.6508264463
1.3913013659	1.2380925845	0.9275342439	1.2298110288	1.5113839243	0.9399565776	1.1697697496	0.9482381333	0.5983424029	1.1759809164	0.3747403977	1.1283619709	1.1469954713	0.8840560763	0.7370584617	0.9855051342	0.2028981159	1.0662503027	0.0869563354	0.9855051342	0.0766043907	0.9130415214	0.1138713916	0.8198740192	0.7391288506	0.7763958515	1.0703910806	0.7867477962	1.7349859295	0.7018618498	2.4575516686	0.8240147971
1.3174273859	1.3630705394	0.856846473	1.3630705394	1.4315352697	1.1037344398	1.1307053942	1.0933609959	0.5850622407	1.3091286307	0.3817427386	1.2634854772	1.1141078838	1.0394190871	0.6784232365	1.1369294606	0.234439834	1.2074688797	0.1141078838	1.1265560166	0.1078838174	1.0456431535	0.1473029046	0.9605809129	0.6804979253	0.9336099585	1.0248962656	0.9481327801	1.5746887967	0.867219917	2.3236514523	1.0041493776
1.4813278008	1.4066390041	1.1058091286	1.6597510373	1.4045643154	1.0871369295	1.1203319502	1.3049792531	0.8257261411	1.7717842324	0.6099585062	1.8526970954	1.0684647303	1.2634854772	0.7800829876	1.5767634855	0.4315352697	1.8858921162	0.2821576763	1.8858921162	0.22406639	1.8257261411	0.2053941909	1.7219917012	0.6659751037	1.3921161826	0.9626556017	1.2157676349	1.387966805	0.8174273859	2.0663900415	0.5290456432
1.446268644	1.2789147009	1.0991641695	1.512383782	1.3822196041	0.9875948741	1.1301556404	1.1797419939	0.8243731271	1.6384157639	0.6280938111	1.7127952941	1.0867675811	1.1425522288	0.8264392252	1.4297398595	0.4731364564	1.7479189612	0.3409061804	1.7479189612	0.295452023	1.6962665096	0.2768571404	1.5867633123	0.7190021259	1.2582537203	0.985528776	1.0908997772	1.3615586234	0.7355309104	2.0289082978	0.4070213184
1.4989519528	1.4575444403	1.1138620864	1.6935672616	1.4471925621	1.1159324621	1.1739029796	1.2939847659	0.8302206258	1.8095082966	0.602479307	1.8943936972	1.1221435889	1.2505068777	0.8095168695	1.5796966022	0.4223566276	1.9295900828	0.2670784557	1.923378956	0.2173894407	1.8633380628	0.2049671869	1.7577489059	0.7039277126	1.3726590396	1.0020618027	1.2028882383	1.4285591815	0.8281502501	2.1738944066	0.4989605257
1.4749967991	1.397913633	1.064581023	1.6374964464	1.4395802092	1.0249977756	1.1437475179	1.1999973958	0.7520817012	1.7562461887	0.4895822709	1.8520793141	1.0958309552	1.1416641891	0.7479150436	1.4854134431	0.2979160201	1.8854125751	0.1229163999	1.8791625886	0.0583332067	1.8020794226	0.0499998915	1.6666630498	0.6416652742	1.2729139043	0.9437479519	1.1083309281	1.4729134702	0.6666652199	2.2874950358	0.3458325828
1.4917228014	1.4421364479	1.1032963656	1.6136225871	1.477260115	1.150816621	1.1962707784	1.2871790932	0.8037121465	1.706597	0.5826396537	1.7623816476	1.1694115036	1.2417249358	0.8388358135	1.4937888995	0.4297483971	1.7685799418	0.295452023	1.739654569	0.2582622579	1.6900682154	0.2499978656	1.5867633123	0.7520596949	1.3119722699	1.0557761101	1.18387419	1.5289125665	0.886356069	2.2851044576	0.7169360278
1.4282744283	1.3700623701	1.0374220374	1.3471933472	1.5613305613	1.1164241164	1.2577962578	1.1081081081	0.7567567568	1.2972972973	0.5467775468	1.237006237	1.2411642412	1.051975052	0.8648648649	1.1247401247	0.4054054054	1.1725571726	0.2993762994	1.0935550936	0.2848232848	1.0187110187	0.3222453222	0.9376299376	0.8773388773	0.9293139293	1.1704781705	0.9625779626	1.6777546778	0.9043659044	2.4033264033	1.0706860707
1.257258705	1.3900385022	0.8153509423	1.1867194377	1.5020714561	1.1535244884	1.1742713317	1.0186700068	0.5331938732	1.0145206382	0.2987545438	0.8609939976	1.1784207004	0.9460560552	0.7261395161	0.8692927349	0.1763481682	0.7385876221	0.0954354793	0.6078825092	0.1244810599	0.5145217142	0.2136924862	0.4273849723	0.831948417	0.6597496175	1.1473004354	0.825724364	1.7655563662	0.9999978478	2.4439781426	1.4771752441
1.3022746416	1.3022746416	0.9233934661	1.0041386346	1.6128329822	1.1428546934	1.2960634748	0.9089007435	0.6749467936	0.7453400174	0.4906821782	0.5320899569	1.3167673642	0.8343667418	0.9006191877	0.6501021263	0.3768107866	0.3561068972	0.33126223	0.2111796716	0.3871627313	0.1283641141	0.4803302335	0.066252446	1.0558983581	0.4658375109	1.3271193088	0.6997914608	1.9088986002	1.0124201904	2.4844667248	1.6356072605
1.1652793075	1.4070127808	0.7520596949	1.2499893281	1.4276737615	1.2127995629	1.0991641695	1.084701483	0.45867377	1.082635385	0.2644605521	0.9545373051	1.0888336791	1.0206524431	0.6549530859	0.952471207	0.1446268644	0.8512324019	0.0578507458	0.7148699298	0.0785117264	0.6487547917	0.1466929625	0.5785074576	0.7107377336	0.7665223813	1.0537100121	0.9132153438	1.6962665096	1.0661066005	2.3553517917	1.4896567033
1.5516396452	1.4049466828	1.1322217385	1.6859360193	1.5247803704	1.0475117179	1.2024690726	1.2768486029	0.822307029	1.8202323934	0.5950362421	1.9111407082	1.150816621	1.2251961513	0.7851172639	1.6218869794	0.4008230242	1.9545287675	0.2355351792	1.9586609636	0.1776844334	1.8884136295	0.1611556489	1.7582494515	0.6942089491	1.3884178983	1.0268507373	1.1776758959	1.5495735472	0.7169360278	2.2789061634	0.4070213184
1.5290324803	1.4854643906	1.1472930279	1.7530969414	1.4667923522	1.1701144082	1.1701144082	1.3775815019	0.8526897549	1.9086972617	0.622401281	2.0103561376	1.1286209895	1.3319387413	0.7966736397	1.7136781936	0.4398302386	2.0497748854	0.2842299183	2.062222911	0.2219897902	1.995833441	0.2074670937	1.8838012104	0.6514466741	1.5331818222	0.9875433658	1.309117361	1.473016365	0.8360923875	2.1784044834	0.4813236573
0.9979381443	1.3051546392	0.6432989691	1	1.3195876289	1.1793814433	1.0164948454	0.9484536082	0.4041237113	0.7381443299	0.2701030928	0.5628865979	1.0391752577	0.8845360825	0.587628866	0.6577319588	0.181443299	0.4041237113	0.1443298969	0.2639175258	0.1979381443	0.1855670103	0.3092783505	0.1422680412	0.7608247423	0.4948453608	1.0432989691	0.7546391753	1.6041237113	1.0845360825	2.1690721649	1.7257731959
0.9626999067	1.4202411527	0.5900418783	1.0993411838	1.3084437442	1.285670198	0.9854734529	1.0413721571	0.3581657717	0.8384805639	0.223594817	0.6583625168	1.0144579662	0.9834031305	0.5983231678	0.7763708925	0.1242193428	0.4865257593	0.0786722504	0.3374625479	0.1242193428	0.2629309423	0.2401573961	0.2091025604	0.7701599254	0.6169560692	1.018598611	0.8426212087	1.6148514564	1.2111385923	2.1220804395	1.863290142
1.0041236586	1.3367654467	0.6590852821	1.0599083063	1.2747825048	1.2045351707	1.0041236586	0.9937931683	0.4545415738	0.8285053232	0.2995842191	0.6466886937	1.0330490314	0.9400746186	0.623961615	0.7417292046	0.2169402966	0.4979296332	0.1735522373	0.361567161	0.2169402966	0.2933859249	0.3057825133	0.2541300617	0.754125793	0.5681769673	1.0020575605	0.7975138523	1.545441351	1.1260234443	2.0268421997	1.6673411368
1.0865771514	1.3999732179	0.682461171	1.055649908	1.4123441153	1.2453370009	1.1051334975	0.991733605	0.4597850185	0.8082319609	0.2680361095	0.573184911	1.1257516598	0.9216318533	0.6907084359	0.709264782	0.1752543793	0.3979305317	0.1381416872	0.2577270283	0.1793780117	0.1773161955	0.2989633529	0.1175235249	0.8556537341	0.5319485865	1.1051334975	0.7669956363	1.7566674251	1.1566789032	2.3236668874	1.8412018904
0.9876033058	1.3285123967	0.6590909091	1.0123966942	1.326446281	1.2210743802	1.041322314	0.9607438017	0.4648760331	0.7747933884	0.2995867769	0.576446281	1.0661157025	0.8987603306	0.6859504132	0.6983471074	0.2107438017	0.4049586777	0.1714876033	0.2355371901	0.2169421488	0.1673553719	0.3305785124	0.1136363636	0.826446281	0.5268595041	1.0495867769	0.7438016529	1.6818181818	1.1611570248	2.1900826446	1.8202479339
1.0661066005	1.280980799	0.6776801646	1.018586345	1.2975095835	1.0743709927	1.0413134237	0.9070170496	0.4173518087	0.7954477542	0.2479317675	0.6322260072	1.0619744043	0.8512324019	0.6776801646	0.7128038317	0.1404946683	0.4855330448	0.0867761186	0.3450383765	0.1260319818	0.262394454	0.2169402966	0.2045437082	0.7913155581	0.5206567118	1.0433795218	0.7107377336	1.6342835677	0.9607355992	2.2603112808	1.5206481743
1.7995829358	1.4628067951	1.3078484482	1.7520623761	1.7355334857	1.0351217576	1.3553690079	1.2933856691	0.9297500816	1.907020723	0.6446267233	2.0144585102	1.2892534465	1.2376006642	0.9380145268	1.6115668082	0.4256189263	2.0495824022	0.2582639116	2.0475162909	0.1880161276	1.9690040618	0.1735533486	1.8264423826	0.791320625	1.3801623434	1.1404934335	1.179749548	1.6983434825	0.6859489491	2.6115646738	0.2975200261
1.09109497	1.3167673642	0.6811579604	1.0393352466	1.356104754	1.1159396372	1.0600391359	0.9171822992	0.4161481764	0.8115924634	0.229813172	0.6356094038	1.0786726364	0.8509298533	0.6583836821	0.7060026276	0.1221529473	0.4761894556	0.0600412792	0.33126223	0.1035194469	0.2505170614	0.1925461712	0.1863350044	0.7826070183	0.5031045118	1.0641799138	0.7122137945	1.6625223167	0.991716301	2.3167652209	1.5983402596
1.5381443299	1.4226804124	1.1154639175	1.6804123711	1.4556701031	1.1051546392	1.175257732	1.2824742268	0.793814433	1.8371134021	0.5690721649	1.9257731959	1.1237113402	1.2371134021	0.8206185567	1.5484536082	0.387628866	1.9608247423	0.2309278351	1.9546391753	0.1711340206	1.8886597938	0.1463917526	1.7731958763	0.6824742268	1.3628865979	1	1.187628866	1.5030927835	0.7505154639	2.3010309278	0.4
1.3788819876	1.4389233954	0.9109730849	1.4161490683	1.4824016563	1.1677018634	1.1573498965	1.1511387164	0.5714285714	1.3519668737	0.3498964803	1.2898550725	1.1387163561	1.0931677019	0.7267080745	1.16563147	0.1904761905	1.2132505176	0.082815735	1.132505176	0.0848861284	1.0476190476	0.132505176	0.9420289855	0.7287784679	0.9461697723	1.0641821946	0.9855072464	1.7060041408	0.9296066253	2.4637681159	1.1014492754
1.6252587992	1.3830227743	1.1759834369	1.6583850932	1.5879917184	1.0207039337	1.2525879917	1.231884058	0.8426501035	1.801242236	0.5983436853	1.9026915114	1.2111801242	1.1780538302	0.8281573499	1.5527950311	0.4057971014	1.9399585921	0.2443064182	1.9399585921	0.1759834369	1.8716356108	0.1573498965	1.751552795	0.6894409938	1.364389234	1.0351966874	1.1552795031	1.6273291925	0.652173913	2.4575569358	0.3022774327
1.433582191	1.460552623	0.9377411727	1.460552623	1.5580611077	1.1493553311	1.2095201409	1.155579277	0.5974988003	1.4232089479	0.3526902641	1.3734173813	1.192922952	1.09126517	0.7613960407	1.2032961951	0.1804944293	1.3028793284	0.0601648098	1.2219680326	0.0414929722	1.1306834936	0.0829859445	1.026951063	0.7447988518	0.9688609019	1.0954144672	0.9875327394	1.7696752662	0.8755017143	2.599534711	1.0082792255

1.5060532688	1.4503631961	1.0169491525	1.3559322034	1.7384987893	1.1937046005	1.3704600484	1.1355932203	0.6973365617	1.2421307506	0.4963680387	1.1573849879	1.3777239709	1.0677966102	0.9443099274	1.0799031477	0.3486682809	1.0605326877	0.2615012107	0.9636803874	0.2711864407	0.8813559322	0.3147699758	0.813559322	0.9757869249	0.8861985472	1.2711864407	0.9564164649	1.9394673123	0.985472155	2.7723970944	1.2857142857
1.5752427184	1.2815533981	1.0825242718	1.3009708738	1.7791262136	0.9902912621	1.4150485437	1.0024271845	0.7378640777	1.2402912621	0.5	1.1893203883	1.4053398058	0.932038835	0.963592233	1.0145631068	0.3373786408	1.1116504854	0.2257281553	1.0242718447	0.213592233	0.9296116505	0.2475728155	0.8373786408	1.0048543689	0.8155339806	1.2694174757	0.8276699029	1.9975728155	0.7402912621	2.7669902913	0.9223300971
1.7014512989	1.6601892845	1.2742680912	1.6529077525	1.8883439522	1.3931997797	1.5703837238	1.3859182477	0.9805796359	1.5946554969	0.7597065001	1.5461119506	1.5631021918	1.3179572829	1.1529092253	1.4029084889	0.6165030384	1.487859695	0.4999985272	1.4029084889	0.4951441726	1.3203844602	0.5339790096	1.2257245448	1.1359189841	1.1990255944	1.449024858	1.2281517222	2.0485376551	1.1529092253	2.7572734316	1.3252388148
1.4188861985	1.3196125908	0.9830508475	1.3244552058	1.5496368039	1.0944309927	1.2566585956	1.0823244552	0.6900726392	1.2615012107	0.4963680387	1.1888619855	1.2445520581	1.0266343826	0.8523002421	1.0847457627	0.3753026634	1.1259079903	0.2808716707	1.0508474576	0.2857142857	0.9564164649	0.3244552058	0.9007263923	0.8474576271	0.9055690073	1.1525423729	0.9418886199	1.6803874092	0.8861985472	2.3607748184	1.0484261501
1.6844660194	1.6990291262	1.1334951456	1.640776699	1.9053398058	1.3932038835	1.5558252427	1.3616504854	0.7621359223	1.5291262136	0.5461165049	1.4441747573	1.5558252427	1.2888349515	1.036407767	1.3276699029	0.395631068	1.3567961165	0.286407767	1.2572815534	0.2839805825	1.1868932039	0.3373786408	1.0849514563	1.0582524272	1.1286407767	1.4199029126	1.1723300971	2.1213592233	1.1286407767	2.9854368932	1.3810679612
1.4624525858	1.6174144492	0.9370350177	1.5617250296	1.6779464271	1.3171758389	1.3656014212	1.2832779313	0.5980559416	1.4600313067	0.3631918673	1.3680227003	1.3704439794	1.2251672325	0.8426051322	1.2639076983	0.2227576786	1.2832779313	0.1307490722	1.2009544413	0.1234852349	1.1283160679	0.1961236084	1.026622345	0.8813455981	1.0653628109	1.2106395578	1.1113671141	1.9515509672	1.06778409	2.7602581918	1.2905417686
1.4781509858	1.5752380784	1.012132941	1.5558206599	1.6456262206	1.3009670416	1.3665008292	1.3009670416	0.7111629537	1.4805781631	0.5145615911	1.4174715528	1.3592192972	1.2402876087	0.9538806854	1.2985398643	0.4053386119	1.3519377653	0.3058243419	1.2669865592	0.3082515192	1.1917440624	0.3616494202	1.104365679	0.9417447988	1.1213559202	1.2257245448	1.150482048	1.7621307318	1.0970841471	2.4854295721	1.2548506726
1.6150073724	1.1961224017	1.1888585005	1.1840158997	1.7796558001	0.9491497601	1.4866784507	0.9394645584	0.9128302539	1.1331685911	0.7070197192	1.0702147805	1.4818358499	0.8934598507	1.1016916858	0.9539923609	0.5835333984	1.0121035707	0.4963665837	0.9418858588	0.4987878841	0.8668255462	0.5472138923	0.7893439331	1.0605295789	0.7869226327	1.3704560311	0.8135569372	1.8426096108	0.753024427	2.5423654288	0.8983024515
1.6844660194	1.3470873786	1.2645631068	1.3446601942	1.7888349515	1.1189320388	1.5218446602	1.1067961165	0.9830097087	1.2888349515	0.7718446602	1.2111650485	1.5194174757	1.0558252427	1.1601941748	1.1067961165	0.6553398058	1.1529126214	0.572815534	1.0922330097	0.567961165	1.0242718447	0.6262135922	0.9344660194	1.1601941748	0.9490291262	1.4150485437	0.9757281553	1.9344660194	0.9126213592	2.604368932	1.0558252427
1.5423547966	1.3147545598	1.1815842084	1.2687502566	1.7094230556	1.0944181603	1.4600313067	1.06778409	0.9370350177	1.2009544413	0.7699667588	1.1501075799	1.4648738649	1.0314649032	1.0847330438	1.0605202526	0.6246900118	1.0871543229	0.5278388472	1.004830833	0.5326814054	0.9249286222	0.5617367548	0.8619753652	1.0750479273	0.8982945519	1.3631801421	0.9394562969	1.8910189893	0.9152435057	2.4212791156	1.0798904856
1.5423728814	1.4697336562	1.0556900726	1.4673123487	1.6924939467	1.1573849879	1.411622276	1.1525423729	0.7215496368	1.416464891	0.4648910412	1.3656174334	1.392251816	1.0992736077	0.9079903148	1.205811138	0.3026634383	1.3002421308	0.2033898305	1.2324455206	0.1791767554	1.1525423729	0.210653753	1.0411622276	0.8789346247	0.9975786925	1.2687651332	1.0072639225	1.8644067797	0.9104116223	2.6973365617	1.0677966102
1.4732966311	1.5291217094	1.004851409	1.5121314682	1.6262088021	1.2402876087	1.3228116375	1.2232973675	0.667473762	1.449024858	0.429610385	1.388345425	1.3179572829	1.1723266439	0.8640751247	1.2475691407	0.2888341007	1.3179572829	0.19902854	1.2402876087	0.1820382987	1.1820353531	0.237863377	1.0655308419	0.8616479474	1.0461134234	1.1990255944	1.0679580193	1.8033927462	0.9975698771	2.6237786791	1.1771809985
1.5679565465	1.5291217094	1.0461134234	1.5218401774	1.7208687174	1.2402876087	1.3859182477	1.2232973675	0.6796096486	1.4635879219	0.4611636901	1.4004813116	1.3689280065	1.1601907573	0.8883468978	1.2548506726	0.3203874058	1.3252388148	0.2135916039	1.2427147861	0.1966013626	1.1529092253	0.245144909	1.05824931	0.912618671	1.0461134234	1.2305788995	1.0679580193	1.8689265337	0.9830068132	2.6844581121	1.1019385017
1.5218401774	1.5145586455	0.9927155225	1.5436847733	1.686888235	1.1893168851	1.2766952685	1.2160158356	0.628638925	1.4975684043	0.3470863563	1.4538792126	1.2694137365	1.1480548707	0.7427162589	1.2791224458	0.1699024122	1.3762095385	0.0606794329	1.2864039777	0.0509707236	1.196598417	0.1067958019	1.0679580193	0.7597065001	1.0436862461	1.15776358	1.0461134234	1.8446547605	0.912618671	2.7257201264	0.9927155225
1.5158105984	1.3454948008	1.0462256137	1.3235970554	1.6423309052	1.0851549388	1.3284632211	1.0608241106	0.7639880063	1.2554707364	0.562042132	1.1946436659	1.316297807	1.0048632057	0.8759098161	1.0802887732	0.3917263344	1.1216511812	0.2652060277	1.0389263652	0.2749383589	0.9610677149	0.3308992639	0.8661774848	0.9197053069	0.8710436505	1.2092421628	0.90510681	1.8248121169	0.8467128222	2.591233206	1.0389263652
1.5218446602	1.432038835	1.0097087379	1.4174757282	1.6699029126	1.145631068	1.2985436893	1.1383495146	0.7014563107	1.3495145631	0.4708737864	1.2912621359	1.2839805825	1.072815534	0.854368932	1.1504854369	0.2791262136	1.2111650485	0.1699029126	1.1213592233	0.1553398058	1.0412621359	0.2111650485	0.932038835	0.8446601942	0.9417475728	1.1941747573	0.9733009709	1.8398058252	0.9199029126	2.6893203883	1.067961165
1.4574036692	1.5425608118	0.9440277524	1.5084979548	1.6398832605	1.2773571391	1.308986935	1.2603257106	0.593666937	1.4160416285	0.3941559172	1.3357506084	1.2968216289	1.1994991802	0.8248077527	1.2481604045	0.2506053054	1.2505934657	0.1557159179	1.1581371395	0.1532828567	1.0681138744	0.2214085708	0.9805236706	0.8759020383	1.0535155071	1.1849008129	1.1143420376	1.7931661172	1.0802791805	2.5620134619	1.2724910167
1.6116457382	1.6456262206	1.1189287429	1.6019370289	1.8276645193	1.3009670416	1.4004813116	1.296112687	0.7864054505	1.5266945321	0.4975713499	1.4732966311	1.388345425	1.2208701902	0.8859197205	1.3179572829	0.3009699872	1.395626957	0.1674752348	1.3058213963	0.1504849936	1.2087343036	0.2014557173	1.0946569697	0.912618671	1.0679580193	1.2597050273	1.0995113244	1.9999941088	1.0242688276	2.8737779427	1.2232973675
1.5121314682	1.4805781631	1.0364047141	1.4611607445	1.733004604	1.1868897078	1.3786367158	1.1674722892	0.6990270672	1.3762095385	0.4660180448	1.3082485736	1.3640736519	1.104365679	0.8810653659	1.1796081758	0.3179602285	1.2257245448	0.2087372492	1.1383461614	0.2087372492	1.050967778	0.2524264409	0.966016572	0.866502302	0.9732981039	1.25727785	1.004851409	1.9029070161	0.9441719761	2.691739644	1.1165015656
1.5291081971	1.5776513144	1.0897929849	1.584932782	1.6431845229	1.3130913248	1.383478845	1.3106641689	0.7766898779	1.5291081971	0.5509643821	1.475710768	1.3689159097	1.2548395839	0.9271735417	1.3470715069	0.424752277	1.419886183	0.3252388864	1.3397900393	0.3179574188	1.2669753633	0.368927692	1.179597752	0.902901983	1.1601805051	1.2524124281	1.179597752	1.8106582778	1.106783076	2.5193877913	1.2329951811
1.4951456311	1.359223301	1.0631067961	1.3616504854	1.6140776699	1.0922330097	1.3495145631	1.0873786408	0.7791262136	1.322815534	0.5800970874	1.2694174757	1.3373786408	1.0266990291	0.9029126214	1.1286407767	0.4368932039	1.2208737864	0.3422330097	1.1601941748	0.3252427184	1.067961165	0.3737864078	0.9805825243	0.890776699	0.9514563107	1.2354368932	0.9538834951	1.7839805825	0.8665048544	2.5315533981	0.9902912621
1.6844660194	1.5970873786	1.1796116505	1.6237864078	1.8131067961	1.3058252427	1.4708737864	1.317961165	0.8252427184	1.5849514563	0.567961165	1.5558252427	1.4538834951	1.2572815534	0.9805825243	1.3810679612	0.3980582524	1.5048543689	0.2718446602	1.427184466	0.2694174757	1.3325242718	0.317961165	1.2354368932	0.9368932039	1.1966019417	1.2985436893	1.1844660194	1.9927184466	1.0703883495	2.7451456311	1.0922330097
1.6650436391	1.6504805752	1.1529092253	1.6698979938	1.8179558101	1.342229056	1.4684422765	1.3567921199	0.8058228691	1.6237816247	0.5558236055	1.5752380784	1.4441705033	1.2985398643	0.9393176215	1.4150443755	0.4053386119	1.5121314682	0.2985428099	1.4368889714	0.2742710368	1.3470834107	0.3131058738	1.2524234953	0.9029099617	1.2063071263	1.3179572829	1.2087343036	1.9660136264	1.0825210832	2.7548462542	1.1990255944
1.6706972818	1.4309885413	1.1307472907	1.3946690352	1.8571374132	1.1065342866	1.5254192573	1.0992703854	0.7699735299	1.3147661217	0.5496351927	1.2469697103	1.518155356	1.0411591756	0.9951544678	1.1210620891	0.4116210694	1.174330698	0.3075051519	1.0823212825	0.2978199502	0.9951544678	0.3535098596	0.8813533486	1.0605295789	0.9031450523	1.3922477348	0.937043258	2.0290497422	0.8789320482	2.8450279798	1.0750573813
1.5096574318	1.4927492685	1.0313979574	1.4710102015	1.7004781311	1.1980641378	1.3671457702	1.1980641378	0.6980655964	1.4227011637	0.4710131187	1.371976674	1.3478221551	1.1304314849	0.8502390656	1.2318804643	0.3405787166	1.3188367324	0.2318833815	1.2415422719	0.2125597664	1.1545860038	0.2681151599	1.0603833801	0.840577258	1.0410597649	1.2125568492	1.0531370244	1.8019271105	0.973427112	2.654581628	1.1135233217
1.4671532847	1.5815085158	1.0218978102	1.5839416058	1.700729927	1.3698296837	1.3722627737	1.3430656934	0.7226277372	1.503649635	0.5133819951	1.4476885645	1.3576642336	1.2871046229	0.9343065693	1.3479318735	0.3673965937	1.3795620438	0.2798053528	1.301703163	0.2700729927	1.2238442822	0.3357664234	1.1313868613	0.9343065693	1.1581508516	1.2360097324	1.199513382	1.8248175182	1.1508515815	2.5669099757	1.3309002433
1.4344617941	1.4660150992	1.0315503595	1.5024227589	1.5218401774	1.2257245448	1.2742680912	1.2402876087	0.7645608547	1.4538792126	0.5849497333	1.4101900209	1.2645593819	1.1868897078	0.8422305288	1.2864039777	0.4563093355	1.3567921199	0.3592222428	1.2888311551	0.3398048243	1.2111614809	0.3810668387	1.1213559202	0.7597065001	1.111647211	1.1359189841	1.1165015656	1.6456262206	1.0291231822	2.1820324075	1.1480548707
1.4552888751	1.4178671612	1.0124652603	1.4095512248	1.6028967467	1.1746260206	1.2931281147	1.1642311001	0.7380393581	1.3534186539	0.4989561858	1.2889701465	1.2764962419	1.1101775133	0.8503044999	1.1787839888	0.3513483141	1.2141267187	0.2557150452	1.1372043067	0.2536360611	1.0644398629	0.3139266002	0.9667276099	0.8315936429	0.987517451	1.1683890683	1.0166232285	1.7733734435	0.9625696417	2.4843860082	1.1060195451
1.3690721649	1.1979381443	0.987628866	0.9896907216	1.6288659794	1.0536082474	1.3463917526	0.8865979381	0.7422680412	0.8	0.5670103093	0.6391752577	1.3546391753	0.8371134021	0.9690721649	0.7175257732	0.4907216495	0.5319587629	0.4412371134	0.4268041237	0.4680412371	0.3525773196	0.5402061856	0.2907216495	1.0721649485	0.5649484536	1.3010309278	0.7216494845	1.8268041237	0.9134020619	2.3793814433	1.3608247423
1.5217097779	1.3602222096	1.0724430816	1.399558925	1.6417902774	1.0952169694	1.3353779683	1.1097094435	0.7556790053	1.3643629165	0.5445029545	1.3250262011	1.3208854943	1.0517395472	0.9006037461	1.1738904001	0.3933671535	1.2691266583	0.2960605418	1.1904532276	0.273286654	1.1097094435	0.3167640762	1.0103324784	0.8405634964	0.9751364699	1.1904532276	0.9730661165	1.8260517335	0.8281413757	2.5341126097	0.8881816255
1.5755558509	1.4409814353	1.2505068777	1.7142710178	1.5155149578	1.1904659846	1.2794921365	1.3788701665	0.9917099246	1.857126936	0.7970946158	1.9420123366	1.238084624	1.3395330296	0.9772172952	1.6438782465	0.6459571951	1.9792790979	0.536227287	1.973067971	0.486538272	1.9213085803	0.4658345157	1.8136490478	0.8633466358	1.4989519528	1.1055805839	1.3395330296	1.4927408259	0.9420209095	2.1097127623	0.6149015607
1.3553458652	1.3346851051	0.9896504107	1.3532797892	1.4524514379	1.1239453516	1.1838615561	1.1260114277	0.7272587569	1.3098921929	0.5392458397	1.2727028247	1.1714651	1.0826238314	0.8202321776	1.1528704158	0.4194134309	1.2210509243	0.3202417822	1.1570025679	0.3119774781	1.0867559834	0.3594972264	0.9937825628	0.7933731894	0.9875843347	1.0536987672	1.0061790188	1.5640195426	0.9359324344	2.1218600664	1.0433683871
1.3457528093	1.5755659813	0.8902672431	1.6832262061	1.3933717548	1.3043450305	1.1138692483	1.354034365	0.6004127918	1.6977189286	0.3519661194	1.7060004844	1.0848838032	1.2939930858	0.7039322387	1.4761873123	0.1801238375	1.6687334835	0.0745340017	1.5983402596	0.0414077787	1.5134543132	0.0745340017	1.3995829217	0.627327848	1.289852308	0.9689420227	1.2360221956	1.5238062579	1.0062090236	2.2339496634	0.9937866899
1.1917120479	1.6020073723	0.7546135113	1.5793277313	1.3401606075	1.360778463	1.0494488449	1.3380988219	0.4639017487	1.5030416659	0.2494760515	1.4370645283	1.0453252738	1.2824306121	0.6205974505	1.3401606075	0.1298924896	1.3690256052	0.041235711	1.2844923976	0.0494828532	1.1999591901	0.0948421353	1.1154259825	0.6515242338	1.1504763369	0.948421353	1.1917120479	1.5092270226	1.1587234791	2.208172324	1.3360370364
1.4400795709	1.5785090275	0.9318161929	1.6280956985	1.5330545791	1.2913195578	1.2479312207	1.3140467821	0.6012383861	1.6074345856	0.3636355875	1.5764429162	1.2355345529	1.2582617772	0.776857846	1.384294566	0.2086772405	1.5165256887	0.1095038985	1.4400795709	0.0909088969	1.3409062289	0.134297234	1.2417328868	0.7314033976	1.1880139932	1.1012373189	1.1735512142	1.6962773712	1.045452314	2.4628046607	1.1177662093
1.1597485414	1.5248929837	0.7489610437	1.2925283386	1.4813246128	1.3340220252	1.2033169123	1.1846447534	0.4605799216	1.0726117994	0.2863064378	0.9170104746	1.2178397027	1.1265535921	0.7323635691	0.9813256889	0.1887962742	0.788380046	0.1369291659	0.6763470921	0.1680494309	0.6078825092	0.2510368041	0.5331938732	0.850620576	0.8215749953	1.1161801704	0.9751016359	1.7219879952	1.195018175	2.3277958201	1.6929424146
1.0829875519	1.4751037344	0.6556016598	1.2282157676	1.387966805	1.3091286307	1.1058091286	1.1410788382	0.3734439834	0.9917012448	0.2053941909	0.8319502075	1.1307053942	1.0809128631	0.6493775934	0.9170124481	0.112033195	0.7012448133	0.0663900415	0.5829875519	0.0954356846	0.5062240664	0.1804979253	0.4398340249	0.7614107884	0.7489626556	1.0684647303	0.9356846473	1.6680497925	1.1867219917	2.2593360996	1.7116182573
1.4854771784	1.3858921162	1.0560165975	1.5145228216	1.6058091286	1.0269709544	1.2966804979	1.1348547718	0.7468879668	1.5601659751	0.4813278008	1.5829875519	1.27593361	1.0767634855	0.8381742739	1.3195020747	0.3215767635	1.5539419087	0.2033195021	1.5041493776	0.1618257261	1.4315352697	0.1887966805	1.3049792531	0.7427385892	1.1369294606	1.0912863071	1.0456431535	1.7178423237	0.7510373444	2.479253112	0.6867219917
1.5516495807	1.2913195578	1.2086751061	1.5475173581	1.5619801372	0.946278972	1.3119806708	1.1239645431	0.9338823042	1.6632195905	0.7376017314	1.7355334857	1.2727245562	1.080576206	0.9545434172	1.4111540128	0.572312828	1.7603268212	0.4545444844	1.7561945987	0.4008255908	1.7066079276	0.388428923	1.6012362517	0.8243784057	1.2768567788	1.1136339867	1.0909067625	1.5557818033	0.692147283	2.1735490798	0.4111561472
1.3484278122	1.2803878768	0.9443118318	1.32780965	1.4453331749	1.0453408269	1.1876061466	1.0577117243	0.6721520899	1.2906969579	0.4989595269	1.2412133684	1.1834825141	1.0102899511	0.8288501231	1.0989480488	0.3649414721	1.1834825141	0.2700979257	1.1195662111	0.2618506608	1.055649908	0.3010251691	0.9649299941	0.791737431	0.9360645669	1.0803917028	0.9360645669	1.5731657809	0.8474064692	2.210266995	0.9216318533
1.3739669421	1.132231405	1.0309917355	1.1756198347	1.4607438017	0.9173553719	1.2024793388	0.9483471074	0.7975206612	1.1570247934	0.6342975207	1.1280991736	1.1900826446	0.9070247934	0.8780991736	1.0041322314	0.5185950413	1.0888429752	0.4318181818	1.0309917355	0.4256198347	0.9669421488	0.4669421488	0.8884297521	0.8491735537	0.8533057851	1.1157024793	0.8409090909	1.541322314	0.7458677686	2.0681818182	0.805785124
1.194214876	1.1136363636	0.8388429752	1.1404958678	1.2830578512	0.9111570248	1.0454545455	0.9214876033	0.597107438	1.1115702479	0.4194214876	1.0805785124	1.0227272727	0.8739669421	0.7004132231	0.9566115702	0.2975206612	1.0289256198	0.2066115702	0.9752066116	0.2024793388	0.9090909091	0.2438016529	0.8243801653	0.6549586777	0.8037190083	0.9214876033	0.8078512397	1.3285123967	0.7334710744	1.9194214876	0.8078512397
1.4451345756	1.6107660455	1.0952380952	1.5921325052	1.5548654244	1.4389233954	1.3519668737	1.4099378882	0.884057971	1.5300207039	0.7246376812	1.4761904762	1.3457556936	1.3726708075	0.9792960663	1.397515528	0.619047619	1.4182194617	0.5341614907	1.3457556936	0.5403726708	1.2753623188	0.5838509317	1.2091097308	0.9254658385	1.2463768116	1.2360248447	1.2960662526	1.6066252588	1.2795031056	2.1780538302	1.4265010352
1.4917355372	1.1797520661	1.0867768595	1.208677686	1.597107438	0.9504132231	1.3574380165	0.958677686	0.8305785124	1.1756198347	0.6611570248	1.132231405	1.3347107438	0.9111570248	0.9566115702	0.9958677686	0.5392561983	1.0847107438	0.4380165289	1.0082644628	0.4297520661	0.9380165289	0.4814049587	0.847107438	0.9152892562	0.8347107438	1.2169421488	0.8388429752	1.6921487603	0.7582644628	2.3223140496	0.8367768595
1.5838509317	1.2608695652	1.1904761905	1.2691511387	1.685300207	1.0641821946	1.4389233954	1.0517598344	0.9482401656	1.2173913043	0.7929606625	1.1801242236	1.4182194617	1.0082815735	1.0414078675	1.0745341615	0.66873706	1.1283643892	0.5734989648	1.0621118012	0.5693581781	0.9958592133	0.6107660455	0.917184265	1.0248447205	0.9109730849	1.3002070393	0.9358178054	1.7577639752	0.8881987578	2.347826087	1.0414078675
1.1921385823	1.4214754673	0.8347036174	1.2272622494	1.4008144866	1.2913112893	1.1652793075	1.150816621	0.6508208898	1.0578422082	0.5061940254	0.9132153438	1.1797419939	1.1032963656	0.8305714213	0.9710660896	0.4359466913	0.7995799503	0.39462473	0.7024733414	0.4338805932	0.6363582034	0.5185906138	0.590904046	0.886356069	0.820240931	1.1136268559	0.9751982857	1.5661023317	1.1694115036	2.0289082978	1.5826311162
1.346473029	1.5248962656	0.9232365145	1.5497925311	1.4958506224	1.2323651452	1.1597510373	1.2634854772	0.632780083	1.5186721992	0.4128630705	1.489626556	1.1473029046	1.2053941909	0.6950207469	1.3381742739	0.2738589212	1.4419087137	0.1680497925	1.377593361	0.1493775934	1.3029045643	0.1846473029	1.2033195021	0.6763485477	1.1452282158	1.031120332	1.122406639	1.622406639	0.9979253112	2.3381742739	1.0871369295
1.4028895676	1.334707895	1.0123945333	1.3925590112	1.4937984645	1.0991712076	1.2314023304	1.1239645431	0.7458661766	1.3904928999	0.5537178264	1.3574351192	1.21487344	1.080576206	0.8574361864	1.1900801045	0.4173544811	1.3099145595	0.3119828052	1.2437989981	0.3016522487	1.165286769	0.3409083633	1.0785100947	0.8016511815	1.030989535	1.0888406512	1.0144606446	1.5929718065	0.8946261897	2.2417307524	0.9421467494
1.3617198764	1.4698258818	0.9064272765	1.451115227	1.5800108489	1.1829291751	1.2785614107	1.1787712518	0.5862671834	1.3845884545	0.3596603643	1.3201406435	1.2702455641	1.1101655175	0.7962423094	1.1933239833	0.2203699342	1.2452980244	0.122658737	1.1725343668	0.1309745835	1.0852179778	0.1871065479	0.9875067806	0.7629789231	0.9958226272	1.1434289038	1.0207701669	1.690195816	0.9687961258	2.4677274706	1.1392709805
1.3657024793	1.2479338843	0.9669421488	1.4752066116	1.3884297521	0.944214876	1.0826446281	1.117768595	0.6466942149	1.5826446281	0.4400826446	1.6425619835	1.055785124	1.076446281	0.6962809917	1.3615702479	0.2851239669	1.6652892562	0.1776859504	1.6508264463	0.1280991736	1.6033057851	0.1157024793	1.5041322314	0.6260330579	1.1900826446	0.9256198347	1.0454545455	1.4090909091	0.6921487603	2.1342975207	0.4731404959
1.3622925631	1.074513435	0.9150962202	1.1345536847	1.4678805885	0.8095081948	1.159397926	0.8384931429	0.598332144	1.1283426244	0.376804326	1.1117797969	1.1366240382	0.7846639535	0.7142719366	0.9337294011	0.2235981714	1.0703727281	0.1097287323	1.0103324784	0.0973066116	0.9337294011	0.1325026201	0.8302117292	0.6770055746	0.7432568847	1.0041214181	0.7204829969	1.6045239155	0.5569250752	2.3043033779	0.612824618
1.0062240664	1.489626556	0.5954356846	1.153526971	1.3215767635	1.3630705394	1.0456431535	1.1348547718	0.3796680498	0.9004149378	0.2302904564	0.6929460581	1.0788381743	1.0850622407	0.6410788382	0.846473029	0.1576763485	0.531120332	0.1286307054	0.4004149378	0.1763485477	0.3257261411	0.2717842324	0.2800829876	0.7676348548	0.6618257261	1.0414937759	0.9211618257	1.6286307054	1.2863070539	2.1742738589	1.9149377593
1.3983372395	1.3858891335	0.9502054239	1.3962625552	1.5518638801	1.1161801704	1.2468852833	1.1182548547	0.5995837718	1.3526941842	0.3921153387	1.3029017603	1.2178397027	1.0684624308	0.7925294147	1.1535244884	0.2531114885	1.2344371773	0.1473025875	1.1618232257	0.1431532189	1.0788358524	0.1929456428	0.9813256889	0.7738572557	0.9730269515	1.0829852211	0.9896244262	1.7053905206	0.9066370529	2.4481275113	1.0248940598
1.1095017641	1.3057823369	0.6632217249	0.9999978656	1.4214845693	1.1859478819	1.130162877	0.960741751	0.438015594	0.7644611782	0.2665283567	0.5764450506	1.1466917674	0.9152873026	0.6838828378	0.6983456169	0.1818177937	0.4421478166	0.1425616792	0.3161150278	0.1797516825	0.2417350212	0.2747928019	0.1859500163	0.8078495154	0.5495856038	1.0764439834	0.7582628444	1.6942112599	1.0785100947	2.2086729717	1.6136329195
1.3001958927	1.1759733552	0.9523727877	0.9420209095	1.6128226122	1.0579619446	1.3602367859	0.884050392	0.7101388395	0.7246314689	0.5672829214	0.5672829214	1.3830109177	0.8281502501	0.9440912852	0.652168322	0.4927493988	0.4409900082	0.4472011351	0.3084859682	0.4927493988	0.2360228213	0.585916302	0.1842634307	1.0248359346	0.4741160182	1.3188292734	0.6894350832	1.8757603166	0.9461616608	2.4037061011	1.4658259428
1.3339950986	1.3401805473	0.901013691	1.055649908	1.6329584515	1.1855443303	1.3814168719	0.9958572375	0.6391630303	0.8041083284	0.4412286725	0.6020503382	1.3999732179	0.946373648	0.8865809775	0.7257593118	0.3608178397	0.4783413646	0.3175196989	0.3608178397	0.3463851261	0.2845306393	0.4350432238	0.2206143363	0.9937954212	0.5443194838	1.3319332824	0.7752429012	1.9051181934	1.0783298865	2.4783031044	1.6453293489
1.201242228	1.157673857	0.769707887	0.9377573179	1.5041461404	0.9771763202	1.213690334	0.825724364	0.456430553	0.7261395161	0.2489621198	0.5601647695	1.2282131243	0.7655585184	0.7116167257	0.6327787211	0.1742734839	0.4502065	0.1203316912	0.3402482304	0.1473025875	0.2697089631	0.2282152765	0.2033190645	0.7925294147	0.443982447	1.1224042234	0.6265546681	1.7199133109	0.8029028363	2.3506173477	1.2759308639
0.9772727273	1.3016528926	0.6342975207	0.9297520661	1.3450413223	1.2231404959	1.1157024793	0.9876033058	0.4359504132	0.6280991736	0.3202479339	0.4359504132	1.1446280992	0.9297520661	0.7231404959	0.632231405	0.2623966942	0.2685950413	0.2520661157	0.1466942149	0.3016528926	0.0805785124	0.3842975207	0.0516528926	0.8491735537	0.4855371901	1.1198347107	0.7809917355	1.6301652893	1.1652892562	2.097107438	1.847107438
0.9377573179	1.3796650805	0.5850609815	0.9999978478	1.269706811	1.2842296013	1.0248940598	1.0269687442	0.394190023	0.6970939354	0.2676342788	0.4668039746	1.0580890091	0.9626535299	0.6597496175	0.6784217764	0.2240659078	0.3215760714	0.2157671705	0.2053937488	0.2655595944	0.1431532189	0.375517864	0.0995848479	0.8091268893	0.5269698202	1.0311181128	0.7966787833	1.5497891957	1.238586546	1.970950115	1.9336057971
0.9355489137	1.1725546385	0.5821193241	0.9022849523	1.2370035637	1.0124718244	0.989602851	0.8461520175	0.3347186114	0.6486472468	0.1621618117	0.4553004713	1.014550822	0.7858610875	0.5862773193	0.5862773193	0.0831599034	0.3180866307	0.0436589493	0.1891887803	0.0831599034	0.1185028624	0.1850307852	0.0665279228	0.677753213	0.4095625244	0.9376279113	0.6216202782	1.4947992644	0.9002059548	2.0415756295	1.4885622716
1.090719331	1.2680385417	0.7690705302	0.9216475255	1.4164918344	1.197935598	1.2082448544	0.9546371461	0.6144316836	0.6432976017	0.5010298628	0.4206176626	1.2329870699	0.9030908639	0.8948434587	0.6494831555	0.4659783909	0.2680406674	0.4639165397	0.1587625491	0.5072154167	0.0969070105	0.6144316836	0.0597936873	1.0164926847	0.4845350525	1.2082448544	0.7381427609	1.6762850966	1.1278326542	2.0597894361	1.7752539584
1.2111775284	1.3002042527	0.7846774073	1.2111775284	1.3374712535	1.0952357479	1.0828134142	1.0269129129	0.5051749007	1.0952357479	0.3146991185	1.0165609682	1.0786726364	0.9834347452	0.6314686259	0.9751531895	0.2215316163	0.9420269665	0.1428568367	0.8612817979	0.1614903371	0.7846774073	0.2215316163	0.7184249613	0.6459613485	0.8115924634	0.9896459121	0.892337632	1.5113839243	0.9275342439	2.1718379953	1.1780513054
1.434499034	1.4407359864	0.9750435463	1.4636048115	1.4656837956	1.2245216392	1.2369955438	1.2286796074	0.7006176442	1.4365780181	0.5010351699	1.4053932565	1.220363671	1.1850209412	0.833672627	1.2723382737	0.3929279963	1.3534186539	0.2848208227	1.2827331942	0.2806628545	1.2078897663	0.3305584731	1.1309673544	0.8253566906	1.1143354815	1.103940561	1.1164144656	1.6340815083	1.0249391649	2.3139093114	1.1247304021
1.3464701312	1.4356815575	0.8796661566	1.4211587672	1.4813246128	1.1493751197	1.195018175	1.1493751197	0.5497913479	1.3547688685	0.3195013871	1.2966777073	1.188794122	1.0850599054	0.7199154631	1.1659725944	0.1846469055	1.232362493	0.0726139516	1.1452257511	0.0643152143	1.0580890091	0.1161823226	0.9522801082	0.7468863594	0.9751016359	1.0207446912	0.9958484792	1.645224675	0.9273838962	2.3817376127	1.0871345898
1.4028895676	1.6446245889	0.9690061962	1.6136329195	1.5743768049	1.3780962321	1.2830551127	1.3429723402	0.6549572797	1.5144595774	0.4297511488	1.4359473483	1.2706584449	1.2830551127	0.8347089622	1.3305756724	0.2954539148	1.349170674	0.2004127954	1.2561956659	0.1880161276	1.1756173255	0.2520655777	1.0743778721	0.8471056299	1.1322289883	1.1735512142	1.1735512142	1.7644590438	1.1508239899	2.4855318849	1.3533028966
