males 69 aeg 36 scu scaled coordinates
1.5364032413	1.4393161487	1.1237830975	1.4077628436	1.6043642062	1.2402876087	1.3252388148	1.1990255944	0.8567935927	1.3325203468	0.6796096486	1.2766952685	1.3252388148	1.1480548707	0.9174730256	1.1893168851	0.5266974777	1.2087343036	0.4053386119	1.1189287429	0.3956299026	1.0485406007	0.4635908675	0.9635893947	0.9417447988	1.0194144729	1.2524234953	1.050967778	1.7402861359	1.0364047141	2.507274168	1.2402876087
1.4781553398	1.5631067961	1.0412621359	1.5533980583	1.5461165049	1.3325242718	1.2621359223	1.3300970874	0.7427184466	1.5	0.5315533981	1.4563106796	1.25	1.2791262136	0.8203883495	1.3519417476	0.3713592233	1.4004854369	0.2597087379	1.3300970874	0.2548543689	1.2621359223	0.2936893204	1.1868932039	0.822815534	1.177184466	1.1601941748	1.1941747573	1.6966019417	1.1480582524	2.4563106796	1.2912621359
1.4854325177	1.4029084889	1.0461134234	1.4368889714	1.5242673548	1.1698994666	1.2208701902	1.1893168851	0.7888326279	1.4101900209	0.5655323147	1.3810638931	1.2014527717	1.1432005161	0.8373761742	1.2378604314	0.3883483706	1.3373747014	0.2645623275	1.2815496231	0.2427177317	1.1893168851	0.2742710368	1.1262102749	0.8300946422	1.0752395512	1.1092200336	1.0606764873	1.6286359794	0.9538806854	2.3907696568	1.0315503595
1.7070217918	1.4697336562	1.2711864407	1.4721549637	1.7627118644	1.2421307506	1.4697336562	1.2445520581	1	1.4430992736	0.7966101695	1.4213075061	1.4552058111	1.200968523	1.0484261501	1.2978208232	0.6295399516	1.3704600484	0.5060532688	1.3099273608	0.4963680387	1.2445520581	0.5472154964	1.1573849879	1.0290556901	1.1259079903	1.3631961259	1.1162227603	1.9152542373	1.0460048426	2.6610169492	1.1670702179
1.5815038346	1.5036451843	1.1605805063	1.425786534	1.6885594788	1.2846677303	1.4087549542	1.2262737425	0.8661774848	1.3308963039	0.6763970247	1.2676361505	1.3868572088	1.1703128376	0.9489023008	1.1873444174	0.5231128068	1.1849113346	0.4087579142	1.0924541873	0.3990255829	1.0194617026	0.4501203222	0.9440361351	0.9853985431	1.0048632057	1.3235970554	1.0681233591	1.8710406905	1.0851549388	2.6374617796	1.3600932978
1.3625263806	1.3211639726	0.931870721	1.30169931	1.5012121015	1.0754226075	1.1581474235	1.0681233591	0.6423338651	1.2481714879	0.4282225768	1.1995098315	1.1484150922	1.0170286198	0.7323579296	1.0851549388	0.2725052761	1.1459820094	0.1411188037	1.0754226075	0.1289533896	1.0024301229	0.1654496319	0.9270045554	0.6909955216	0.9075398928	1.0583910278	0.9197053069	1.6350316567	0.863744402	2.357657255	1.0510917793
1.4854193914	1.2985283896	1.050958491	1.3106641689	1.5169724177	1.0728028938	1.235422337	1.0703757379	0.7645540985	1.271829675	0.5679544732	1.2451309605	1.2281408694	1.0291140882	0.7888256572	1.1310546347	0.4198979652	1.2038693107	0.2864043925	1.1407632581	0.2694143014	1.0728028938	0.3106759511	0.9902795943	0.8009614366	0.9538722563	1.1528990375	0.9490179445	1.6747375492	0.8762032685	2.4538545829	0.9562994121
1.9563106796	1.4854368932	1.5194174757	1.4563106796	2.0461165049	1.25	1.7742718447	1.2354368932	1.2427184466	1.3859223301	1.0266990291	1.3325242718	1.7669902913	1.1796116505	1.3422330097	1.2354368932	0.8762135922	1.2669902913	0.7645631068	1.1893203883	0.7621359223	1.1262135922	0.7985436893	1.0558252427	1.3422330097	1.0558252427	1.6747572816	1.0922330097	2.182038835	1.0752427184	2.9417475728	1.2524271845
1.3761973774	1.2791111426	0.902901983	1.235422337	1.475710768	1.0582399586	1.1310546347	1.0266869323	0.6383419934	1.1771705961	0.4198979652	1.1262003229	1.1286274788	0.9781438149	0.7330010722	1.031541244	0.2669871455	1.0703757379	0.1383478845	0.9927067502	0.1432021962	0.9247463858	0.1965996253	0.8470773981	0.7257196046	0.866494645	1.0485313351	0.8931933596	1.6577474581	0.8689218009	2.3980299979	1.0630942703
1.4611650485	1.6359223301	1.0485436893	1.6213592233	1.5800970874	1.4223300971	1.2572815534	1.4029126214	0.7572815534	1.5655339806	0.5606796117	1.5315533981	1.25	1.354368932	0.8446601942	1.427184466	0.4247572816	1.4830097087	0.3033980583	1.4101941748	0.2815533981	1.3495145631	0.3203883495	1.2766990291	0.8495145631	1.25	1.1650485437	1.2718446602	1.7087378641	1.2208737864	2.4975728155	1.3883495146
1.5703883495	1.4223300971	1.1140776699	1.4101941748	1.6577669903	1.1966019417	1.3325242718	1.177184466	0.8325242718	1.354368932	0.6334951456	1.3131067961	1.3203883495	1.1334951456	0.9223300971	1.2038834951	0.4781553398	1.2621359223	0.3398058252	1.1966019417	0.3276699029	1.1262135922	0.3713592233	1.0485436893	0.9029126214	1.0339805825	1.2524271845	1.0485436893	1.8373786408	0.9902912621	2.5970873786	1.1432038835
1.6295399516	1.5084745763	1.2130750605	1.4552058111	1.7191283293	1.2953995157	1.411622276	1.2493946731	0.9128329298	1.3656174334	0.7167070218	1.3002421308	1.3995157385	1.1985472155	1.004842615	1.2276029056	0.5738498789	1.2324455206	0.4503631961	1.1549636804	0.4503631961	1.0847457627	0.5084745763	1.0072639225	1.0242130751	1.0508474576	1.3607748184	1.1065375303	1.9249394673	1.1113801453	2.6464891041	1.3341404358
1.4854325177	1.3616464746	1.0533949554	1.3786367158	1.5121314682	1.1601907573	1.2184430129	1.1650451119	0.7791239186	1.3446562333	0.5800953786	1.3228116375	1.1990255944	1.1140743883	0.8106772237	1.2111614809	0.429610385	1.2839768004	0.3033971646	1.2208701902	0.2888341007	1.1601907573	0.3252417604	1.0873754378	0.7961141598	1.0461134234	1.1310646295	1.0412590688	1.6286359794	0.9514535081	2.407759898	1.0558221327
1.5786878662	1.2324419078	1.1307472907	1.2251780066	1.5762665658	1.0242100727	1.3002383193	1.0169461715	0.8668255462	1.1719093976	0.6513298098	1.1283259903	1.2784466156	0.9612562621	0.9128302539	1.0338952744	0.5036304849	1.0750573813	0.3728802629	1.0072609699	0.3631950613	0.9443071593	0.4043571682	0.8619829454	0.9104089535	0.8619829454	1.2348632083	0.8813533486	1.7409149936	0.8377699413	2.508467223	0.9830479658
1.4648867471	1.3317152246	1.0484230768	1.3389791258	1.5472109609	1.0992703854	1.227599307	1.096849085	0.7627096286	1.2881318172	0.5447925919	1.2566549119	1.2082289038	1.0484230768	0.8087143364	1.1331685911	0.3656163617	1.1985437021	0.2493939421	1.1380111919	0.2348661396	1.0605295789	0.2639217445	0.9806266654	0.8038717356	0.9515710605	1.1476963936	0.9588349617	1.6803824834	0.8934598507	2.484254219	1.0169461715
1.4247530848	1.6092185608	1.012132941	1.6189272701	1.5024227589	1.3762095385	1.1723266439	1.3834910704	0.7184444857	1.5898011423	0.5024257045	1.5606750145	1.1529092253	1.3300931694	0.766988032	1.4247530848	0.3349504697	1.5121314682	0.2135916039	1.4514520353	0.1941741853	1.3786367158	0.2160187812	1.3106757509	0.7524249681	1.25727785	1.0752395512	1.2548506726	1.6577621072	1.1723266439	2.3980511887	1.2912583324
1.548525444	1.4465848975	1.0776572055	1.4368762741	1.6261944318	1.2329951811	1.3373628835	1.2135779342	0.7961071248	1.3664887539	0.6019346554	1.3130913248	1.3130913248	1.1577533492	0.8883390478	1.2184322459	0.4441695239	1.2427038046	0.3567919126	1.1723162844	0.3470832892	1.0922201408	0.40533503	1.0194054647	0.8956205154	1.0339683999	1.2451309605	1.0655214262	1.8349298365	1.0291140882	2.563076597	1.21600509
1.5509663052	1.3519377653	1.1334918068	1.3373747014	1.6237816247	1.1189287429	1.3373747014	1.1092200336	0.8543664154	1.2791224458	0.6553378755	1.2330060768	1.3325203468	1.0533949554	0.9320360895	1.1262102749	0.5072800591	1.1771809985	0.3883483706	1.1019385017	0.3859211933	1.0339775368	0.429610385	0.9490263308	0.9077643164	0.9490263308	1.2597050273	0.966016572	1.8446547605	0.9101914937	2.546109005	1.0606764873
1.4358311422	1.2009650025	1.0145248711	1.2009650025	1.5084701544	0.9951544678	1.2033863029	0.978205365	0.7578670278	1.1525389944	0.5496351927	1.1137981878	1.1937011013	0.9346219576	0.806293036	1.0096822703	0.3825654645	1.0653721797	0.2590791437	0.9927331674	0.2493939421	0.9128302539	0.302662551	0.8450338425	0.7748161307	0.8474551429	1.1162194882	0.8571403446	1.6319564752	0.7966078343	2.3680317994	0.9297793568
1.3922477348	1.6997528867	0.9733627642	1.6537481789	1.4987849528	1.4794145495	1.1937011013	1.4334098417	0.6803854147	1.5690026646	0.4648896784	1.4987849528	1.1840158997	1.3849838336	0.7772374311	1.4164607389	0.3099264523	1.4334098417	0.2009679339	1.3438217266	0.1961253331	1.2784466156	0.2348661396	1.2106502042	0.7990291348	1.2397058091	1.1307472907	1.2881318172	1.6658546809	1.2881318172	2.3874022026	1.5278405577
1.6116457382	1.4029084889	1.1820353531	1.4101900209	1.6650436391	1.1917440624	1.3543649426	1.1893168851	0.8932012525	1.3737823611	0.7014542445	1.3398018787	1.3373747014	1.1407733388	0.95873504	1.2232973675	0.5145615911	1.2888311551	0.4077657892	1.2087343036	0.3956299026	1.1553364027	0.4320375623	1.0776667285	0.9465991534	1.050967778	1.2815496231	1.0558221327	1.8155286327	0.9805796359	2.5388274731	1.0898026151
1.4673080475	1.5036275536	1.0096822703	1.4600441462	1.5496322613	1.3026596197	1.2590762123	1.2614975127	0.7118623201	1.3849838336	0.5254221886	1.3268726238	1.2421271095	1.2033863029	0.8111356368	1.2469697103	0.3922506662	1.2614975127	0.2857134482	1.1791732989	0.2760282466	1.1137981878	0.3268755551	1.0411591756	0.806293036	1.0726360809	1.1573815952	1.1186407887	1.7167019895	1.108955587	2.443092112	1.2953957185
1.4091968377	1.3244513234	0.9854692662	1.2711827144	1.5036275536	1.1137981878	1.2179141054	1.0798999821	0.7045984188	1.2009650025	0.5036304849	1.1452750931	1.2227567062	1.0266313731	0.8087143364	1.055686978	0.3680376621	1.0823212825	0.2397087404	1.0169461715	0.225180938	0.9515710605	0.2687643453	0.8789320482	0.7820800319	0.8886172499	1.1380111919	0.937043258	1.6755398826	0.9297793568	2.3849809022	1.1476963936
1.3543649426	1.0631036646	0.8980556071	1.0266960049	1.4320346167	0.8446577061	1.1140743883	0.8155315783	0.6189302157	0.9538806854	0.4126201438	0.9053371391	1.1067928563	0.7597065001	0.6771824713	0.8106772237	0.2718438594	0.8373761742	0.145630639	0.7597065001	0.1480578163	0.6917455352	0.1941741853	0.6140758611	0.6917455352	0.6432019889	1.0194144729	0.6796096486	1.6286359794	0.6529106981	2.3592163516	0.8349489969
1.5097042909	1.3009670416	1.0412590688	1.2597050273	1.5631021918	1.0800939058	1.303394219	1.0436862461	0.7378619042	1.1771809985	0.521843123	1.1092200336	1.2985398643	0.9854339905	0.8276674649	1.0218416502	0.383494016	1.0388318915	0.2718438594	0.9538806854	0.2694166821	0.8907740752	0.3179602285	0.8106772237	0.8446577061	0.8349489969	1.2063071263	0.8883468978	1.7888296823	0.8786381886	2.5339731184	1.0922297924
1.653733636	1.2590651401	1.2445374654	1.2227459534	1.7554273588	1.0605202526	1.4503461902	1.0217797868	0.9660903671	1.1452650217	0.7723880379	1.0944181603	1.4333972364	0.9709329254	1.0653628109	1.0024095539	0.6125836162	1.0217797868	0.4963622187	0.9394562969	0.4915196605	0.8619753652	0.5278388472	0.8014433873	1.0387287406	0.8353412949	1.3728652585	0.8837668772	1.8837551519	0.8740817607	2.6149814449	1.0774692064
1.4465976806	0.9999970544	0.9975698771	1.0533949554	1.4902868723	0.8082500464	1.1747538212	0.8228131103	0.6990270672	1.0388318915	0.5097072365	1.0315503595	1.1529092253	0.7791239186	0.7694152093	0.8859197205	0.3470863563	1.0072785864	0.2208731358	0.9538806854	0.2014557173	0.8737838339	0.2305818451	0.8082500464	0.7645608547	0.728153195	1.0533949554	0.6990270672	1.6286359794	0.5873769106	2.3834881248	0.6504835208
1.2397094431	1.1331719128	0.818401937	1.1283292978	1.2784503632	0.9346246973	1.0072639225	0.9176755448	0.5544794189	1.0799031477	0.3438256659	1.0387409201	0.99031477	0.8668280872	0.593220339	0.9370460048	0.186440678	0.985472155	0.0508474576	0.9104116223	0.0484261501	0.8426150121	0.0968523002	0.7651331719	0.5423728814	0.7675544794	0.9031476998	0.789346247	1.4092009685	0.7288135593	2.1283292978	0.8861985472
1.6295399516	1.5326876513	1.210653753	1.5012106538	1.7215496368	1.3220338983	1.4479418886	1.2881355932	0.9079903148	1.4358353511	0.7167070218	1.3898305085	1.4334140436	1.2372881356	1.0169491525	1.2929782082	0.583535109	1.3341404358	0.4721549637	1.2590799031	0.4673123487	1.1888619855	0.5060532688	1.1210653753	1.0266343826	1.1259079903	1.3510895884	1.1573849879	1.8958837772	1.1331719128	2.6150121065	1.3002421308
1.382550375	1.2953843269	0.9297711804	1.2445374654	1.4576100276	1.0871543229	1.1549501381	1.0459925779	0.6295325701	1.1670565337	0.4527791946	1.1137883932	1.1501075799	0.9975669956	0.7215411765	1.0290436241	0.3026598895	1.0459925779	0.2009661666	0.9806180418	0.188859771	0.9104009475	0.2469704698	0.8304987367	0.7699667588	0.8692392025	1.0726266482	0.900715831	1.6392059613	0.8958732728	2.387381208	1.1210522305
1.4987893462	1.4140435835	1.0629539952	1.3898305085	1.5472154964	1.196125908	1.2445520581	1.181598063	0.799031477	1.3317191283	0.602905569	1.2905569007	1.2372881356	1.1259079903	0.8619854722	1.181598063	0.4624697337	1.2348668281	0.3220338983	1.1549636804	0.3123486683	1.0920096852	0.3486682809	1.0169491525	0.8450363196	1.0169491525	1.1452784504	1.0435835351	1.6803874092	1	2.4334140436	1.1646489104
1.5509708738	1.6165048544	1.1359223301	1.6140776699	1.6480582524	1.3762135922	1.3300970874	1.3713592233	0.8276699029	1.5533980583	0.645631068	1.5145631068	1.317961165	1.3252427184	0.927184466	1.3980582524	0.4733009709	1.4611650485	0.3665048544	1.3859223301	0.354368932	1.3252427184	0.390776699	1.2572815534	0.8519417476	1.2281553398	1.2257281553	1.2427184466	1.7645631068	1.1747572816	2.5048543689	1.3082524272
1.5461119506	1.7305774267	1.1383461614	1.7087328308	1.6674708164	1.487859695	1.3398018787	1.4732966311	0.8519392381	1.6529077525	0.621357393	1.6019370289	1.3131029282	1.4271802621	0.9101914937	1.4902868723	0.4781539314	1.5291217094	0.3592222428	1.4441705033	0.3519407109	1.3689280065	0.4077657892	1.2912583324	0.9417447988	1.3106757509	1.2475691407	1.3300931694	1.8033927462	1.2815496231	2.553390537	1.4441705033
1.4101900209	1.7014512989	1.0194144729	1.7111600081	1.4781509858	1.4587335672	1.203879949	1.4611607445	0.7232988403	1.6650436391	0.5169887684	1.6262088021	1.1796081758	1.4077628436	0.8228131103	1.4830053404	0.3640765975	1.5752380784	0.2475720863	1.5024227589	0.2427177317	1.4247530848	0.2694166821	1.3616464746	0.7718423866	1.3203844602	1.0873754378	1.3228116375	1.6019370289	1.2330060768	2.3713522382	1.3470834107
1.6028867745	1.5762527043	1.1840054875	1.5641463087	1.6392059613	1.3704439794	1.3873929332	1.3462311883	0.9297711804	1.4915079352	0.7045922226	1.4430823529	1.3728652585	1.3026481642	1.0072521121	1.3534950256	0.5520516384	1.3752865377	0.4552004737	1.297805606	0.4552004737	1.2469587445	0.4987834978	1.1791629293	1.004830833	1.1815842084	1.3050694433	1.2106395578	1.8401721279	1.1743203711	2.554449467	1.3389673509
1.4472018672	1.453413034	1.0372648576	1.6749446503	1.4575538119	1.1055876925	1.1325027487	1.3022746416	0.7411992396	1.7722529304	0.5217380122	1.8281534317	1.0848838032	1.2505149182	0.7204953502	1.5693548145	0.3498957304	1.8488573211	0.2008277269	1.8385053764	0.1428568367	1.7619009857	0.1407864477	1.652170372	0.6190462923	1.3747382544	0.9544493001	1.2070367505	1.4616945898	0.8281555749	2.2235977187	0.594201625
1.2128073287	1.2809890014	0.8347089622	1.2706584449	1.3016501143	1.0847084286	0.9896673091	1.0723117608	0.5557839377	1.2086751061	0.3863628117	1.165286769	0.9690061962	1.0289234237	0.6012383861	1.0847084286	0.2355366873	1.1115678754	0.1074377872	1.0392539801	0.1115700098	0.9669400849	0.169421126	0.896692301	0.6384283894	0.9194195252	0.9049567461	0.9400806381	1.4276829031	0.9008245235	2.1156979636	1.0578489818
1.3381329525	1.1999897971	0.9876204688	1.183495092	1.3587513339	1.0082388502	1.1030834046	0.9938059832	0.7319525395	1.1298873004	0.5670054883	1.0845268613	1.0927742139	0.9546310585	0.7587564353	1.0082388502	0.4371096856	1.0247335553	0.3381414549	0.946383706	0.3566979981	0.8762812092	0.4061821135	0.8164879032	0.8061787125	0.8453536372	1.035042746	0.8742193711	1.5030800036	0.8329826083	2.1649300464	0.9834967925
1.3340092762	1.2659686176	0.8989614288	1.2618449413	1.389678906	1.0597848037	1.1030834046	1.0329809078	0.6082422511	1.1917424446	0.4123676279	1.1484438436	1.0865886995	0.9855586306	0.6721592334	1.0535992892	0.2618534437	1.0907123757	0.1360813172	1.0144243646	0.1340194791	0.9505073823	0.1876272707	0.872157533	0.7030868055	0.8783430474	1.0041151739	0.9010232669	1.552564119	0.8412299609	2.2742074678	1.0082388502
1.4256198347	0.9504132231	1.0661157025	0.9524793388	1.4896694215	0.7644628099	1.1880165289	0.7665289256	0.8037190083	0.9111570248	0.6384297521	0.8780991736	1.1673553719	0.7210743802	0.8285123967	0.791322314	0.4979338843	0.8347107438	0.367768595	0.7623966942	0.3760330579	0.694214876	0.4276859504	0.6280991736	0.8657024793	0.632231405	1.1115702479	0.6466942149	1.5847107438	0.5867768595	2.2438016529	0.7066115702
1.2727028247	1.2024562402	0.9689896506	1.2086544682	1.3016278889	1.0475005391	1.0805577553	1.033038007	0.729324833	1.169399024	0.5702369799	1.1384078837	1.0619630712	0.9958486388	0.7727124293	1.0495666151	0.442140267	1.0908881354	0.3367703903	1.033038007	0.3285060862	0.9731218026	0.3739597585	0.9070073702	0.7479195171	0.9152716742	1.0123772469	0.9256020543	1.4297246017	0.87601623	2.0123580377	0.9937825628
1.2903870052	1.1659123745	0.9190376902	1.1700615288	1.369220938	0.9501563479	1.0974513276	0.9439326163	0.649342657	1.1285699853	0.4481086706	1.078780133	1.078780133	0.8962173412	0.7406240528	0.9688275425	0.2987391137	1.0227665491	0.1825627917	0.9501563479	0.1804882146	0.8775461466	0.2344272212	0.8028613682	0.7053562408	0.7987122138	1.0103190861	0.8132342541	1.5061430318	0.74269863	2.2301704672	0.8630241064
1.3285123967	1.1219008264	0.9669421488	1.1198347107	1.3863636364	0.9276859504	1.1115702479	0.9173553719	0.7148760331	1.0702479339	0.5227272727	1.0330578512	1.0929752066	0.8780991736	0.7768595041	0.9338842975	0.3842975207	0.9814049587	0.2768595041	0.9070247934	0.270661157	0.8429752066	0.3078512397	0.770661157	0.7809917355	0.7727272727	1.0392561983	0.7995867769	1.5454545455	0.7396694215	2.2148760331	0.8698347107
1.3724163626	1.1440232348	0.9835307666	1.1275624688	1.425913852	0.9567820219	1.1337352561	0.9320908729	0.7201585111	1.0720073837	0.5288021067	1.0329130645	1.1255048731	0.8868237665	0.7818863835	0.9403212559	0.3930007875	0.9814731708	0.2736602342	0.9053421282	0.2736602342	0.8333262771	0.3271577236	0.7592528303	0.7757135962	0.7798287877	1.0822953624	0.8045199367	1.5781759372	0.7571952345	2.2695281079	0.9197452985
1.4380165289	1.1508264463	0.9628099174	1.1611570248	1.458677686	0.902892562	1.1301652893	0.8987603306	0.6652892562	1.1074380165	0.4318181818	1.0640495868	1.1219008264	0.847107438	0.729338843	0.9318181818	0.2727272727	1.0061983471	0.1363636364	0.9276859504	0.1301652893	0.8636363636	0.1776859504	0.7685950413	0.7314049587	0.7376033058	1.055785124	0.7561983471	1.6219008264	0.6673553719	2.3946280992	0.8016528926
1.1896881928	1.1030904388	0.8288642175	1.1113378439	1.2371107724	0.9134001203	0.9814412128	0.911338269	0.581442063	1.0742245207	0.3958754472	1.0412349001	0.9566989973	0.868039392	0.6391738991	0.9340186332	0.2515458571	0.9917504692	0.136082185	0.9195856742	0.1278347798	0.8474208791	0.1917521697	0.7731942328	0.5773183605	0.7793797866	0.868039392	0.7917508944	1.3835022138	0.7216479506	2.0494801797	0.8371116227
1.314674434	1.1014280297	0.9130258667	1.10763909	1.399558925	0.8881816255	1.10763909	0.8819705651	0.6231763852	1.0703727281	0.4327038688	1.0372470731	1.0869355556	0.8322820826	0.6894276953	0.9171665736	0.273286654	0.9875585905	0.1490654476	0.9130258667	0.1469950942	0.8405634964	0.1904725164	0.7598197122	0.6521613334	0.7515382985	0.9772068233	0.7639604191	1.5548354329	0.6873573418	2.2960219642	0.8095081948
1.3008046798	1.1306834936	0.8962482005	1.1369074395	1.3837906243	0.9232186324	1.0663693867	0.9273679296	0.6286185295	1.0850412242	0.4481241002	1.0476975491	1.053921495	0.8734270657	0.6680368531	0.9543383616	0.2987494002	0.9999806311	0.176345132	0.9273679296	0.1804944293	0.850605931	0.2344352932	0.7842171754	0.6618129073	0.7842171754	0.962636956	0.8008143643	1.5248667299	0.7302763115	2.1659331511	0.887949606
1.3284670294	1.0495509346	0.9359184515	1.0392207089	1.4007786096	0.8532766457	1.0908718375	0.8491445554	0.6838609436	0.9793053996	0.5123791964	0.9317863612	1.0764095215	0.7974934267	0.7189837111	0.8491445554	0.3842843973	0.8801352326	0.2685858691	0.8057576073	0.28098214	0.7293139368	0.3326332686	0.661134447	0.731379982	0.6838609436	0.9978998059	0.7086534854	1.4689580994	0.6693986276	2.152819043	0.8202199233
1.3354008646	1.2587964739	0.9337454107	1.2608668628	1.4057940885	1.0683206917	1.09109497	1.0724614695	0.6666652378	1.223599862	0.5134564565	1.18840325	1.0662503027	1.0269129129	0.6997914608	1.1055876925	0.3788811755	1.1449250824	0.2505170614	1.0807430253	0.2546578393	1.0124201904	0.3064175627	0.9358157997	0.7556919621	0.9337454107	1.0124201904	0.9482381333	1.4989615906	0.8861264652	2.1676972174	1.0124201904
1.2975095835	1.1446183268	0.952471207	1.1384200327	1.347095937	0.9648677954	1.0805692869	0.952471207	0.6983411453	1.0908997772	0.5309872022	1.0537100121	1.0723048946	0.9132153438	0.721068224	0.9772643837	0.4070213184	0.9999914624	0.2995842191	0.9318102264	0.3099147094	0.8656950884	0.3677654552	0.7995799503	0.7458614007	0.820240931	0.9896609721	0.8388358135	1.4504008402	0.7768528716	2.1053539261	0.888422167
1.2169395513	1.2789228901	0.7933867363	1.285121224	1.2871873353	1.0681795382	0.9793367527	1.0599150931	0.5103294893	1.2355345529	0.3078505826	1.1880139932	0.960741751	1.0123945333	0.5971061635	1.0826423173	0.1735533486	1.1280967657	0.0557850049	1.0537167592	0.049586671	0.9917334204	0.1033055646	0.9090889687	0.6446267233	0.9173534139	0.8822295219	0.9380145268	1.4028895676	0.8739650767	2.111565741	0.9999978656
1.1780513054	1.0621095249	0.8343667418	1.0310536908	1.2670780297	0.8695633537	1.0041386346	0.8322963528	0.5590050131	0.9606604669	0.3685292308	0.9047599656	0.9875755231	0.7867477962	0.6480317374	0.8322963528	0.2443058946	0.8426482975	0.1449272256	0.7619031289	0.1407864477	0.695650683	0.1946165601	0.627327848	0.6314686259	0.6645948489	0.9109711324	0.7101434055	1.3954421438	0.6915099051	2.1242190497	0.859211409
1.2298031215	1.3457441565	0.8799096408	1.3291811515	1.3022662684	1.1490584721	1.0372581883	1.1345658427	0.5900570532	1.2815625121	0.4037232469	1.2360142483	1.0227655589	1.0890175789	0.6977165857	1.1469880965	0.2732895825	1.1801141065	0.1739115525	1.1097213352	0.1718411769	1.0496804421	0.2236005675	0.9751469195	0.6749424539	0.9813580464	0.9689357927	1.0124136808	1.420277679	0.9647950414	2.171824031	1.1117917108
1.1697622283	1.2111697408	0.8095168695	1.2008178627	1.2318734971	0.9979210514	0.950302412	0.9917099246	0.5113827795	1.1656214771	0.3084859682	1.1407769696	0.9254579045	0.9399505339	0.569353297	1.0227655589	0.16563005	1.0910879546	0.049689015	1.0227655589	0.0476186394	0.9585839145	0.09937803	0.8799096408	0.5714236726	0.8550651333	0.8405725039	0.8716281383	1.3229700246	0.801235367	2.0972905085	0.9192467777
1.1298873004	1.3154527329	0.8206115795	1.3092672185	1.1938042827	1.1525675199	0.946383706	1.1422583292	0.5979330604	1.257721265	0.4371096856	1.2206081785	0.9278271627	1.1051452427	0.6309224707	1.1484438436	0.3133993972	1.1670003869	0.2164930046	1.094836052	0.2226785191	1.0391664223	0.2721626344	0.9855586306	0.62061328	1.0082388502	0.8865903999	1.0371045841	1.3072053804	0.9917441451	1.9072002789	1.1072070809
1.2804096495	1.2103067057	0.9072145664	1.1958737467	1.3360796342	1.0061834282	1.0659771156	0.9814412128	0.6391738991	1.1381419106	0.4494835807	1.0824719259	1.0453586027	0.925771228	0.6865964787	0.9855649154	0.2969065854	1.0206163873	0.1752573594	0.9340186332	0.1855666159	0.8577301356	0.2309273442	0.7814416379	0.6824727761	0.8061838534	0.9855649154	0.839173474	1.4391721986	0.7999982995	2.1731912569	0.9649464025
1.2919005461	1.3726443303	0.9068148064	1.3622925631	1.3540111493	1.1863125207	1.0620913144	1.1738904001	0.6666538075	1.3084633736	0.4782516445	1.2691266583	1.055880254	1.1386943916	0.6852869884	1.1821718138	0.3457490244	1.2256492361	0.2173871111	1.1552572191	0.2070353439	1.0910762625	0.254653473	1.0268953059	0.6894276953	1.0268953059	0.9916992974	1.0517395472	1.4368252869	1.0061917715	2.0951976806	1.1573275726
1.3367511811	1.1549364919	0.9503949665	1.1384078837	1.3925352335	0.9462628144	1.1053506675	0.9276681303	0.6652764765	1.0867559834	0.4813957113	1.035104083	1.0908881354	0.880148382	0.737589137	0.9359324344	0.3367703903	0.9772539546	0.2169379815	0.9028752181	0.2066076014	0.8202321776	0.2603255778	0.7479195171	0.7479195171	0.7603159732	1.030971931	0.7892410374	1.5516230866	0.7561838211	2.202437031	0.9235359783
1.2288555311	1.2535975888	0.872157533	1.2535975888	1.2515357506	1.0639084799	0.9834967925	1.0659703181	0.606180413	1.2061753116	0.4185531423	1.169062225	0.9711257637	1.0164862027	0.6432934995	1.080403185	0.2989665302	1.1175162716	0.1855654325	1.0453519367	0.1855654325	0.9752494399	0.2288640335	0.9072087813	0.6226751181	0.9133942958	0.9195798102	0.9381363534	1.375246039	0.8783430474	2.026786891	0.9876204688
1.2795031056	1.2091097308	0.8881987578	1.198757764	1.3602484472	0.9958592133	1.0517598344	0.9792960663	0.5983436853	1.1407867495	0.3995859213	1.099378882	1.0434782609	0.9358178054	0.6708074534	1.0020703934	0.2691511387	1.0455486542	0.1697722567	0.966873706	0.1718426501	0.8985507246	0.2173913043	0.8260869565	0.6935817805	0.8322981366	0.9875776398	0.8488612836	1.4637681159	0.7929606625	2.1387163561	0.9585921325
1.1322289883	1.249997332	0.791320625	1.2768567788	1.1776834367	1.0723117608	0.9400806381	1.0702456495	0.5454533812	1.2355345529	0.3636355875	1.2024767723	0.9276839704	1.0227250898	0.6095028313	1.095038985	0.2376027986	1.1487578787	0.1260327888	1.0847084286	0.1177683437	1.0103284221	0.1632227921	0.9442128607	0.5909078297	0.9338823042	0.8595022977	0.9442128607	1.2809890014	0.876031188	1.9524751715	0.9834689752
1.324354725	1.2334473804	1.028905855	1.2437777605	1.3677423213	1.0888220594	1.1177471236	1.0784916793	0.7933731894	1.1983240881	0.6260210323	1.1673329479	1.1074167435	1.0392362351	0.8181661016	1.0867559834	0.5123868515	1.1260114277	0.4090830508	1.0619630712	0.4152812788	1.0082450949	0.4607349511	0.9400645864	0.7830428093	0.9607253465	1.0578309192	0.9793200307	1.464847894	0.9338663584	2.0247544938	1.0578309192
1.1962784384	1.2685923336	0.8471056299	1.2520634433	1.2561956659	1.095038985	0.995865643	1.0723117608	0.5847094958	1.200410661	0.4049578133	1.1590884351	0.981402864	1.0289234237	0.6466928346	1.0743778721	0.2706605793	1.1074356528	0.1632227921	1.0371878689	0.1611566808	0.9690061962	0.2086772405	0.8987584123	0.6590895023	0.9194195252	0.91115508	0.9566095284	1.3987573451	0.9132211913	2.0289212893	1.0619812044
1.3175229726	1.1711315312	0.9134001203	1.1711315312	1.3793785113	0.9711319564	1.076286372	0.9546371461	0.6329883452	1.1195852491	0.4515454319	1.076286372	1.0597915617	0.911338269	0.717524248	0.9752556589	0.3113395444	1.0226782385	0.1917521697	0.9525752948	0.179381062	0.882472351	0.237112898	0.7979364482	0.717524248	0.8103075559	1.0082452795	0.8268023662	1.4989658859	0.7649468276	2.2288612417	0.911338269
1.2190056626	1.3057823369	0.8305767396	1.285121224	1.2933856691	1.0909067625	1.0020639769	1.0681795382	0.5495856038	1.2272701078	0.3719000327	1.179749548	0.9937995317	1.0185928672	0.6280978329	1.0743778721	0.2169416857	1.1198323206	0.0971072307	1.045452314	0.0929750082	0.9731384188	0.1487600131	0.8987584123	0.6198333878	0.9090889687	0.9028906348	0.9380145268	1.4359473483	0.8842956332	2.1239624087	1.0578489818
1.3278322291	1.0350493463	0.9917504692	1.0309256437	1.3876259164	0.8721630946	1.1443274645	0.8515445817	0.7649468276	0.9876267667	0.5896894682	0.9525752948	1.1360800593	0.8144312585	0.7896890431	0.8721630946	0.4639165397	0.9092764177	0.3505147189	0.839173474	0.3463910163	0.7876271918	0.3958754472	0.7216479506	0.7835034892	0.7257716532	1.061853413	0.746390166	1.5072132911	0.703091289	2.1546345953	0.8371116227
1.3188292734	1.0828064521	0.9772172952	1.0641730714	1.3643775371	0.9026837727	1.0993694571	0.8819800164	0.7204907176	1.0082729296	0.5258754088	0.9544431633	1.0828064521	0.8385021283	0.768109357	0.8778392652	0.3809491151	0.8944022702	0.2939933388	0.8260798745	0.2919229632	0.7660389814	0.3291897244	0.7122092151	0.7329129714	0.7287722201	1.0393285639	0.7577574789	1.4741074453	0.7204907176	2.1531906504	0.8944022702
1.3223140496	0.9938016529	0.9648760331	0.9896694215	1.382231405	0.7995867769	1.1198347107	0.7871900826	0.6756198347	0.9504132231	0.4814049587	0.9111570248	1.1074380165	0.7417355372	0.7376033058	0.8140495868	0.347107438	0.8615702479	0.2355371901	0.7871900826	0.2252066116	0.7210743802	0.2603305785	0.6487603306	0.7603305785	0.6466942149	1.0371900826	0.6611570248	1.5537190083	0.6053719008	2.2272727273	0.7747933884
1.5811091667	1.2929744181	1.2614975127	1.3147661217	1.636799076	1.1259046899	1.4382524426	1.1380111919	1.0677934801	1.280867916	0.924936756	1.2566549119	1.4334098417	1.096849085	1.1113768874	1.1694880972	0.7990291348	1.2227567062	0.7191262213	1.1719093976	0.7142836205	1.1113768874	0.7457605258	1.0532656776	1.1283259903	1.0460017764	1.3244513234	1.0411591756	1.6949102858	0.9709414637	2.2130685732	1.055686978
1.5278450363	1.2978208232	1.0581113801	1.3026634383	1.6246973366	1.0847457627	1.3341404358	1.0726392252	0.7723970944	1.2469733656	0.5520581114	1.205811138	1.3196125908	1.01937046	0.9346246973	1.0823244552	0.397094431	1.1404358354	0.3075060533	1.0677966102	0.3075060533	0.9975786925	0.3704600484	0.9055690073	0.8886198547	0.9200968523	1.186440678	0.9370460048	1.7869249395	0.8740920097	2.5544794189	1.0411622276
1.4490291262	1.2936893204	1.0533980583	1.2961165049	1.5533980583	1.1067961165	1.2791262136	1.0946601942	0.8106796117	1.2427184466	0.6262135922	1.1990291262	1.2718446602	1.0485436893	0.9004854369	1.1019417476	0.5024271845	1.1432038835	0.4199029126	1.0752427184	0.4101941748	1.0097087379	0.4587378641	0.927184466	0.9247572816	0.9393203883	1.182038835	0.963592233	1.6432038835	0.9223300971	2.2888349515	1.0606796117
1.4745762712	1.4092009685	1.0823244552	1.4382566586	1.5593220339	1.2130750605	1.2953995157	1.2203389831	0.8329297821	1.3946731235	0.6585956416	1.3680387409	1.2832929782	1.1719128329	0.9176755448	1.2518159806	0.5351089588	1.3244552058	0.4406779661	1.2615012107	0.4285714286	1.1985472155	0.4697336562	1.1138014528	0.9176755448	1.0968523002	1.1767554479	1.0992736077	1.6416464891	1.0242130751	2.3123486683	1.1113801453
1.3252271041	1.4295948065	0.9854252825	1.4150318712	1.400468936	1.2475581163	1.1868792196	1.2305680253	0.7766898779	1.3761973774	0.6140704347	1.3397900393	1.1868792196	1.1917335314	0.8737761126	1.2427038046	0.4830040178	1.2839654544	0.3810634713	1.2087236224	0.3810634713	1.1480447257	0.4174708094	1.0897929849	0.8446502422	1.1140645436	1.0995016084	1.123773167	1.5655155351	1.0800843614	2.0145393707	1.2111507783
1.3236009732	1.4817518248	0.9489051095	1.503649635	1.4160583942	1.2871046229	1.1313868613	1.299270073	0.700729927	1.4768856448	0.5158150852	1.4525547445	1.1289537713	1.2554744526	0.7931873479	1.3333333333	0.3673965937	1.4087591241	0.2676399027	1.3479318735	0.2603406326	1.2773722628	0.304136253	1.197080292	0.7542579075	1.1946472019	1.0437956204	1.1922141119	1.5304136253	1.1119221411	2.0827250608	1.204379562
1.4527845036	1.3075060533	1.0629539952	1.3171912833	1.5738498789	1.1016949153	1.3099273608	1.1089588378	0.8305084746	1.2857142857	0.6610169492	1.2566585956	1.2929782082	1.0653753027	0.9467312349	1.1476997579	0.5399515738	1.215496368	0.4382566586	1.1549636804	0.4382566586	1.0774818402	0.4673123487	1.01937046	0.9225181598	1.004842615	1.196125908	1.0024213075	1.6900726392	0.9322033898	2.2130750605	1.0266343826
1.7135871855	1.5436847733	1.2354332541	1.5291217094	1.7912568596	1.3203844602	1.5048499362	1.303394219	0.9344632669	1.4635879219	0.728153195	1.4029084889	1.5024227589	1.2451419634	1.0995113244	1.303394219	0.6067943291	1.3349475241	0.529124655	1.2621322046	0.5266974777	1.1844625305	0.5800953786	1.1092200336	1.1237830975	1.1407733388	1.3931997797	1.1674722892	1.9296059666	1.104365679	2.6529048069	1.2791224458
1.5145452618	1.3786245332	1.0582399586	1.3737702215	1.6067771848	1.1601805051	1.3033827013	1.1528990375	0.7961071248	1.3179456365	0.609216123	1.2742568309	1.3009555454	1.0995016084	0.8980476713	1.1601805051	0.4805768619	1.2281408694	0.3737820037	1.1553261933	0.3665005361	1.087365829	0.4174708094	1.0096968412	0.9077562948	1.0096968412	1.1844520638	1.0242597764	1.6723103933	0.958726568	2.4198744007	1.1140645436
0.6971927402	1.0118157352	0.4121118104	0.7267348054	0.8434259632	0.8980787839	0.7001469467	0.7385516315	0.2511075547	0.5096006258	0.1565729459	0.3559818864	0.7282119087	0.6986698434	0.4224515332	0.4859669735	0.112259848	0.2274739025	0.1078285382	0.1152140545	0.1639584622	0.0694238534	0.2496304515	0.062038337	0.5361884845	0.3855239517	0.7016240499	0.5686847563	1.0827166918	0.8626283056	1.4446069913	1.4062023064
1.1592907744	1.0073735355	0.7905596121	1.2522110273	1.0870194666	0.8200581051	0.8967541868	0.9218279059	0.5560465928	1.3466062049	0.3761057856	1.4159276634	0.8613559953	0.883479865	0.5589964421	1.1725650963	0.2448374918	1.4365766085	0.1312682938	1.421827362	0.0943951776	1.3746297732	0.0973450269	1.2890841436	0.4616514153	1.0501463504	0.7182883043	0.8982291115	1.1209427335	0.5575215175	1.7345113877	0.3244834229
1.0723781388	0.8493353028	0.7075332349	0.8404726736	1.1595273264	0.6602658789	0.9350073855	0.6381093058	0.4564254062	0.776957164	0.270310192	0.7252584934	0.9305760709	0.5967503693	0.5539143279	0.646971935	0.1610044313	0.6602658789	0.0915805022	0.5952732644	0.1019202363	0.5228951256	0.1595273264	0.4505169867	0.552437223	0.4992614476	0.8286558346	0.5317577548	1.2954209749	0.4948301329	1.8375184638	0.6381093058
0.8846144167	1.0576911504	0.5192302011	0.8136085772	1.0621290154	0.9245552014	0.8786972634	0.7825435225	0.3062126827	0.6035496355	0.1686388687	0.4541415149	0.8890522817	0.7455613144	0.4940822996	0.5473366792	0.1005916059	0.3402363141	0.0754437044	0.2218932483	0.1139052008	0.1686388687	0.2071003651	0.133135949	0.5695260041	0.4097628653	0.840235767	0.6213010954	1.289939417	0.8535493619	1.7914181583	1.3757381397
0.8328393254	0.9689338511	0.5207094894	0.7056205297	1.0088746358	0.89053157	0.8372771904	0.715975548	0.3343191608	0.4822479931	0.224851825	0.316567701	0.8565079386	0.6789933399	0.5295852194	0.4615379565	0.1893489053	0.2263311133	0.1686388687	0.1065087592	0.2056210768	0.0680472628	0.2736683396	0.0428993613	0.5991117705	0.3343191608	0.7869813874	0.5118337595	1.202661406	0.8269221721	1.6375721727	1.3609452565
0.903987197	0.8434259632	0.5805015824	0.8449030665	0.9645484308	0.6957156369	0.7488913544	0.6838988108	0.3677987125	0.8138838979	0.2230425927	0.7799105229	0.7429829413	0.651402539	0.4431309789	0.6971927402	0.118168261	0.735597425	0.0369275816	0.6720819847	0.0502215109	0.6129978542	0.0989659186	0.5553908269	0.4327912561	0.5790244791	0.6691277782	0.595272615	1.0398806972	0.5583450334	1.5790233882	0.6779903977
0.9320491086	0.8212667265	0.6144729464	0.8271751202	0.9955643411	0.6558317024	0.7917247579	0.6514004071	0.4047249695	0.7902476595	0.2688319141	0.7562743956	0.7843392657	0.623335537	0.4844882847	0.6765110804	0.1846373036	0.7090072459	0.113736579	0.654354604	0.1181678743	0.6011790606	0.1491869413	0.550957714	0.4623318082	0.5598203045	0.7119614427	0.5686828951	1.0827131484	0.519938647	1.587880811	0.6189042417
1.0412934046	1.0501429237	0.6548644074	1.0589924427	1.0693168815	0.8790522226	0.8436541465	0.8687277838	0.4129775542	1.0147448476	0.2699103301	0.9763969318	0.8362795474	0.8318547878	0.4881984659	0.8879017416	0.1725656209	0.920349978	0.0796456712	0.8466039862	0.0870202704	0.7861322729	0.1474919837	0.7079615216	0.4557502295	0.7477843572	0.7536840365	0.7684332349	1.1814107891	0.7168110406	1.7581044452	0.8407043069
0.7810642342	0.9349102197	0.4778101281	0.7352062962	0.9053244532	0.8062121356	0.7263305662	0.6715968983	0.2973369528	0.5680467158	0.1908281936	0.44970365	0.7366855845	0.6316561136	0.44970365	0.5044373179	0.1242602191	0.353549909	0.0857987227	0.2499997265	0.1183430658	0.2011832118	0.1937867702	0.1656802921	0.5133130478	0.3860942521	0.6937862231	0.5251473544	1.0872769169	0.7233719896	1.4911226288	1.1390520081
1.0384035939	0.9763652569	0.6573109521	0.9837507732	1.0487433168	0.8094525881	0.8449030665	0.7946815555	0.4194973267	0.9423918818	0.2629243808	0.9010329905	0.8375175501	0.7592310772	0.5125548323	0.8079754849	0.1580500491	0.8508114795	0.0753322664	0.7887731425	0.0797635762	0.7282119087	0.1270308806	0.6573109521	0.4874440768	0.6720819847	0.7385516315	0.6883301206	1.1757741974	0.6410628162	1.729687921	0.7562768707
1.0029531156	0.9527316047	0.6543567455	0.9837507732	1.0546517298	0.7799105229	0.8404717567	0.7887731425	0.4239286365	0.9542087079	0.2762183102	0.9246666427	0.8345633436	0.7518455609	0.5243716584	0.8212694143	0.1669126687	0.8788764415	0.0812406795	0.8227465175	0.0856719893	0.7607081805	0.1373706035	0.6927614304	0.4948295931	0.7001469467	0.7370745283	0.6971927402	1.1610031648	0.617429164	1.695714546	0.7001469467
0.9792495877	0.8562878392	0.6236975438	0.8562878392	1.0281379937	0.6918450188	0.8414731707	0.6770303504	0.394070182	0.8192511679	0.2429605634	0.7807330298	0.8340658364	0.6399936791	0.4903655273	0.6874006183	0.1437022844	0.7288816901	0.0711104088	0.671104483	0.0681474751	0.6103643421	0.1199988148	0.5511056681	0.4562917897	0.5629574029	0.7185114221	0.5807350051	1.1199889384	0.5333280659	1.6518355375	0.6548083476
0.9556858112	0.9069414035	0.623337577	0.881830648	0.9985218058	0.7680936968	0.8183152077	0.7326432185	0.3884781582	0.8227465175	0.2762183102	0.7828647294	0.8035441751	0.6986698434	0.5066464192	0.7178721858	0.1787294948	0.7341203217	0.1093056415	0.6676506749	0.1211224676	0.6144749574	0.1669126687	0.5627763432	0.4948295931	0.5923184085	0.7237805989	0.6366315064	1.0989648277	0.623337577	1.6336762089	0.7843418327
1.0604615952	0.9837661808	0.7094325832	1.0191640644	1.110608597	0.8259506166	0.8746227065	0.830375352	0.4867208991	0.9881909163	0.3289053348	0.9557428563	0.8657732356	0.7979272921	0.535392989	0.8657732356	0.2300862432	0.9129704137	0.1474911815	0.846599382	0.1504410052	0.7890778212	0.191738536	0.7241817013	0.5088445763	0.7315562604	0.7861279976	0.7404057313	1.1828792759	0.6696099642	1.733021383	0.7595795849
0.9215935997	0.8668601114	0.6020683709	0.6923046624	1.1005868992	0.7381624498	0.9053214816	0.618340489	0.3816551344	0.529583481	0.2352060712	0.4082822368	0.9127178989	0.5828376858	0.5488141661	0.465974292	0.1479283467	0.3047323941	0.1050291261	0.2070996853	0.1346147955	0.1494076301	0.2115375357	0.1139048269	0.5946719536	0.3372766304	0.8387537256	0.4763292762	1.2633080805	0.6420090245	1.7485130575	1.0118298912
0.9453471196	0.7843426883	0.6543574594	0.8552437223	0.9571639586	0.6558345643	0.7843426883	0.6750369276	0.4549483013	0.8567208272	0.3382570162	0.8537666174	0.7680945347	0.6410635155	0.4859675037	0.7459379616	0.2378138848	0.8316100443	0.1536189069	0.7932053176	0.1462333826	0.7444608567	0.1816838996	0.6779911374	0.459379616	0.6410635155	0.6912850812	0.6129985229	0.9926144756	0.5258493353	1.4859675037	0.5376661743
0.9128498166	1.2215643985	0.5937955117	1.2156559855	0.9985218058	1.0576059363	0.7991128653	1.0457891102	0.3604131962	1.1595260615	0.224519696	1.1181671701	0.7843418327	1.0044302189	0.4460851854	1.044312007	0.1196453643	1.0664685559	0.056129924	1.0059073221	0.0502215109	0.9512545014	0.0989659186	0.8936474741	0.4327912561	0.9158040231	0.6838988108	0.9423918818	1.1048732408	0.903987197	1.6248135894	1.0413578004
1.1536176484	0.8833077513	0.8404717567	1.1166900669	1.0664685559	0.7149179793	0.847857273	0.8581969958	0.6070894411	1.2304270181	0.4135889137	1.3234845237	0.8064983816	0.8212694143	0.56129924	1.0901022081	0.2688327939	1.3604121053	0.1299850871	1.3751831379	0.0930575056	1.3279158335	0.0797635762	1.2422438442	0.4667646311	0.9630713275	0.7193492891	0.8005899686	1.1019190342	0.4416538757	1.7547986765	0.146233223
0.8788774003	0.9985228951	0.5435745938	0.7592319055	1.0561299852	0.88183161	0.8626292467	0.7252584934	0.3633677991	0.5819793205	0.2422451994	0.4401772526	0.8803545052	0.6853766617	0.5302806499	0.5169867061	0.1698670606	0.3161004431	0.1491875923	0.2097488922	0.1875923191	0.1550960118	0.270310192	0.1211225997	0.611521418	0.3810930576	0.8227474151	0.5568685377	1.2880354505	0.8124076809	1.7119645495	1.2496307238
1.2248507308	0.9275137781	0.9127208948	1.2011821177	1.202661406	0.619821807	0.9911231759	0.8002949823	0.6908276465	1.335797355	0.5192302011	1.4334303843	0.9585788328	0.7677506393	0.7130169713	1.0946733585	0.3757392339	1.4837261872	0.2647926097	1.4852054756	0.2144968067	1.4334303843	0.1997039235	1.3269216251	0.5902360406	0.9718924277	0.8254428838	0.7855020991	1.1375727198	0.4127214419	1.7470395086	0.0843194344
1.2507320214	0.9557480541	0.9306744169	1.2153339454	1.1946850676	0.766958315	0.9911461302	0.9144502987	0.694687243	1.3495516505	0.5250714618	1.4321471613	0.9631226533	0.8790522226	0.7005869224	1.1622368312	0.4070778749	1.4645953977	0.2876093681	1.4704950771	0.2418868532	1.4070735241	0.243361773	1.3215281736	0.6061920528	1.0619422824	0.8171055895	0.9085506193	1.1755111098	0.5619444577	1.8097266395	0.2359871739
0.9542097489	1.0635155096	0.5893648449	0.9084194978	1.0812407681	0.9098966027	0.8641063516	0.8079763663	0.3692762186	0.7710487445	0.2363367799	0.6632200886	0.8714918759	0.7621861152	0.5214180207	0.6838995569	0.1565731167	0.5657311669	0.1122599705	0.4623338257	0.1462333826	0.4032496307	0.2171344165	0.3574593796	0.5598227474	0.5273264402	0.8138847858	0.6632200886	1.2392909897	0.7784342688	1.7799113737	1.106351551
1.1937869822	0.9038461538	0.8594674556	1.1434911243	1.1642011834	0.6967455621	0.9467455621	0.8402366864	0.6375739645	1.2588757396	0.4704142012	1.3328402367	0.9156804734	0.8032544379	0.6286982249	1.0931952663	0.3357988166	1.3624260355	0.2174556213	1.3565088757	0.1701183432	1.298816568	0.176035503	1.1967455621	0.5340236686	0.9792899408	0.7810650888	0.8210059172	1.1819526627	0.4778106509	1.7559171598	0.2204142012
0.7743362832	1.005899705	0.4528023599	0.7625368732	0.9616519174	0.9041297935	0.7654867257	0.7418879056	0.2507374631	0.5501474926	0.1401179941	0.4115044248	0.7831858407	0.697640118	0.4159292035	0.5029498525	0.0766961652	0.2949852507	0.0516224189	0.1828908555	0.1017699115	0.1283185841	0.1946902655	0.1002949853	0.5029498525	0.3716814159	0.7079646018	0.5545722714	1.1651917404	0.8318584071	1.5840707965	1.3259587021
0.8138838979	1.0324951809	0.4889211801	0.7547997674	1.0384035939	0.9290979525	0.8345633436	0.7518455609	0.2880351363	0.5184632453	0.1831608046	0.3633674027	0.8522885828	0.7016240499	0.449039392	0.4667646311	0.1358935002	0.2437220384	0.118168261	0.1285079839	0.1654355655	0.0753322664	0.2540617612	0.0516986142	0.5524366204	0.3397337505	0.7961586588	0.567207653	1.2599690834	0.8714909252	1.723779508	1.415064926
0.9127218935	0.9955621302	0.5576923077	0.7559171598	1.1079881657	0.8920118343	0.8727810651	0.7130177515	0.3579881657	0.5591715976	0.2233727811	0.4053254438	0.8816568047	0.6597633136	0.5295857988	0.4911242604	0.149408284	0.2914201183	0.1124260355	0.1627218935	0.1582840237	0.1109467456	0.2366863905	0.0843195266	0.600591716	0.3579881657	0.8328402367	0.5355029586	1.3121301775	0.8062130178	1.798816568	1.325443787
0.8372771904	0.9704131394	0.5147923361	0.7189341246	1.0207089424	0.8535493619	0.849111497	0.6997033764	0.3106505477	0.5118337595	0.1923074819	0.3742599455	0.8624250919	0.6597625917	0.4792894164	0.4585793799	0.1272187957	0.261834033	0.0946744526	0.1597631388	0.1272187957	0.1020708942	0.2056210768	0.0636093979	0.5665674274	0.3372777375	0.8195257305	0.5458573909	1.2263300192	0.7810642342	1.7189330305	1.3091701652

