males 69 aeg 41 alb 36 scu scaled coordinates
1.4441577417	1.3883331567	1.014551153	1.3980417802	1.4829922356	1.1893063755	1.2378494929	1.1917335314	0.7427096957	1.364061598	0.5412557586	1.3203727924	1.2281408694	1.1480447257	0.830087307	1.2208594018	0.424752277	1.2742568309	0.3300931981	1.2135779342	0.3300931981	1.1504718816	0.3786363155	1.0776572055	0.830087307	1.0728028938	1.1310546347	1.0825115173	1.5946414055	1.0096968412	2.2645364252	1.123773167
1.4769932491	1.8062901046	1.0266313731	1.7893410018	1.5907943683	1.5835304671	1.2881318172	1.5641600638	0.7481818262	1.7118593887	0.5617416947	1.6706972818	1.2881318172	1.5084701544	0.8087143364	1.5738452654	0.4285701723	1.6174286728	0.3050838515	1.5351044589	0.3050838515	1.4794145495	0.3535098596	1.3970903356	0.7869226327	1.4116181381	1.1210620891	1.4309885413	1.6731185822	1.3752986319	2.3922448034	1.5399470597
1.6319612591	1.392251816	1.215496368	1.3631961259	1.7602905569	1.1549636804	1.406779661	1.1404358354	0.9200968523	1.2832929782	0.7021791768	1.2276029056	1.3946731235	1.0799031477	1.0314769976	1.1307506053	0.5690072639	1.1719128329	0.4576271186	1.0823244552	0.4648910412	1.004842615	0.5157384988	0.9418886199	1.01937046	0.9757869249	1.3050847458	0.9975786925	1.9055690073	0.9564164649	2.6053268765	1.1525423729
1.6019417476	1.2766990291	1.1893203883	1.213592233	1.7257281553	1.0485436893	1.427184466	1.0072815534	0.9223300971	1.1189320388	0.713592233	1.0485436893	1.4150485437	0.9490291262	1.0461165049	0.9684466019	0.5631067961	0.9684466019	0.4781553398	0.8859223301	0.4902912621	0.8058252427	0.5436893204	0.7378640777	1.0436893204	0.8131067961	1.3203883495	0.8616504854	1.8980582524	0.8640776699	2.5873786408	1.1213592233
1.6456116787	1.3786245332	1.2305680253	1.3179456365	1.7718237839	1.1528990375	1.4490120534	1.1116373877	0.9635808797	1.2232865576	0.7572726309	1.1528990375	1.456293521	1.0533856469	1.0922201408	1.0703757379	0.6043618112	1.0679485821	0.5169842	0.9878524384	0.533974291	0.9077562948	0.589798876	0.8422230863	1.087365829	0.9150377624	1.364061598	0.9660080356	1.9465790064	0.9732895032	2.635891273	1.2257137135
1.4975728155	1.3276699029	1.0922330097	1.2718446602	1.6359223301	1.0995145631	1.3373786408	1.0606796117	0.8470873786	1.182038835	0.6359223301	1.109223301	1.3422330097	1.0145631068	0.9563106796	1.0242718447	0.4927184466	1.0315533981	0.3810679612	0.9393203883	0.4029126214	0.8470873786	0.4611650485	0.786407767	0.9587378641	0.8786407767	1.2257281553	0.9247572816	1.7111650485	0.9101941748	2.4563106796	1.1359223301
1.825221213	1.2766839868	1.3616344421	1.2791111426	1.9587147858	1.0436770234	1.6359030553	1.0339683999	1.0728028938	1.2111507783	0.8567860215	1.1601805051	1.6359030553	0.9902795943	1.1965878431	1.0533856469	0.7330010722	1.1116373877	0.609216123	1.0291140882	0.6213519023	0.9393093211	0.6529049286	0.8834847361	1.1893063755	0.8956205154	1.4854193914	0.9101834506	2.1820131256	0.8446502422	2.856762457	0.9902795943
1.3616464746	1.4004813116	0.9174730256	1.3713551838	1.495141227	1.1626179346	1.2014527717	1.1407733388	0.6504835208	1.303394219	0.3980570799	1.2354332541	1.1893168851	1.0898026151	0.7257260176	1.1456276934	0.2645623275	1.1747538212	0.1553393483	1.0898026151	0.1601937029	1.004851409	0.2208731358	0.9344632669	0.7475706135	0.9805796359	1.050967778	1.004851409	1.6626164618	0.9514535081	2.3931968341	1.1334918068
1.4091844453	1.3268609554	0.9975669956	1.2905417686	1.5568824713	1.0798904856	1.2518013028	1.0629415318	0.7239624556	1.2106395578	0.4915196605	1.1549501381	1.2469587445	1.004830833	0.7844944335	1.0605202526	0.3462429135	1.0774692064	0.2154938413	0.9757754836	0.2348640742	0.8886094354	0.2857109356	0.8232348993	0.796600829	0.8886094354	1.1065245558	0.922507343	1.738478405	0.8765030399	2.4261216738	1.0459925779
1.5242673548	1.4660150992	1.1067928563	1.4465976806	1.6019370289	1.2427147861	1.3325203468	1.2208701902	0.8106772237	1.388345425	0.6092215064	1.3470834107	1.3398018787	1.1820353531	0.9077643164	1.2378604314	0.4927169953	1.2985398643	0.3956299026	1.2184430129	0.4004842572	1.1529092253	0.4320375623	1.0776667285	0.9029099617	1.0946569697	1.2451419634	1.1140743883	1.7111600081	1.0631036646	2.4393132031	1.2305788995
1.2518159806	1.6004842615	0.8062953995	1.5762711864	1.3753026634	1.3486682809	1.0605326877	1.3341404358	0.5108958838	1.4891041162	0.3099273608	1.4406779661	1.0508474576	1.2736077482	0.5956416465	1.3317191283	0.1670702179	1.3753026634	0.0556900726	1.2857142857	0.0556900726	1.2082324455	0.1138014528	1.1210653753	0.6198547215	1.1694915254	0.9031476998	1.1937046005	1.4842615012	1.1428571429	2.2808716707	1.3268765133
1.660174614	1.0970744525	1.2475581163	1.0388227117	1.7742509398	0.8616403333	1.5145452618	0.8155243718	0.9490179445	0.9465907887	0.7548454751	0.8859118919	1.512118106	0.7621269427	1.0728028938	0.7961071248	0.626206214	0.8179515276	0.5364014469	0.7281467605	0.5436829145	0.6626135521	0.6067889671	0.5873717201	1.0630942703	0.6359148375	1.3883331567	0.6796036431	1.9854135003	0.6504777727	2.6164740261	0.9781438149
1.3786367158	1.5631021918	0.9538806854	1.5436847733	1.449024858	1.3300931694	1.1941712397	1.3179572829	0.667473762	1.4854325177	0.4490278036	1.4441705033	1.1796081758	1.2669865592	0.7305803723	1.3373747014	0.3131058738	1.3907726024	0.1820382987	1.3082485736	0.1941741853	1.2354332541	0.2524264409	1.1650451119	0.6965998898	1.1796081758	1.050967778	1.1941712397	1.6480533979	1.1359189841	2.3058184507	1.2864039777
1.5520581114	1.5714285714	1.1210653753	1.5641646489	1.6658595642	1.3099273608	1.3535108959	1.3075060533	0.8232445521	1.4987893462	0.593220339	1.4527845036	1.3317191283	1.2566585956	0.8934624697	1.3341404358	0.4527845036	1.3995157385	0.3317191283	1.3147699758	0.3414043584	1.2251815981	0.392251816	1.1501210654	0.8789346247	1.1670702179	1.191283293	1.1791767554	1.789346247	1.0968523002	2.5205811138	1.2590799031
1.3495145631	1.3762135922	0.927184466	1.3470873786	1.4708737864	1.1334951456	1.1699029126	1.1140776699	0.640776699	1.2766990291	0.427184466	1.2257281553	1.1601941748	1.0655339806	0.7305825243	1.1189320388	0.2839805825	1.1577669903	0.177184466	1.0825242718	0.1674757282	1.0097087379	0.2233009709	0.9199029126	0.7378640777	0.9563106796	1.0218446602	0.9854368932	1.604368932	0.9344660194	2.3883495146	1.0946601942
1.6480533979	1.349510588	1.203879949	1.3398018787	1.7839753276	1.1019385017	1.4830053404	1.0995113244	0.9101914937	1.2912583324	0.7135901311	1.25727785	1.4660150992	1.0533949554	1.0364047141	1.1165015656	0.5461148962	1.196598417	0.4441734489	1.1262102749	0.4320375623	1.0461134234	0.4708723994	0.9708709266	1.012132941	0.966016572	1.2742680912	0.9854339905	1.8495091152	0.9150458483	2.6626135162	1.0461134234
1.7070167879	1.5932156687	1.2784466156	1.5399470597	1.8014475038	1.3680347307	1.5351044589	1.3414004262	0.9878905666	1.4576228458	0.7893439331	1.3849838336	1.5157340556	1.2881318172	1.1283259903	1.3099235209	0.6755428139	1.3123448213	0.5738481968	1.2251780066	0.5859546988	1.1380111919	0.6392233078	1.0702147805	1.1549602948	1.1549602948	1.4261459405	1.2082289038	1.968517232	1.1888585005	2.6779582516	1.4188820393
1.6852300242	1.5738498789	1.2832929782	1.5447941889	1.7699757869	1.3486682809	1.4842615012	1.3196125908	1.0072639225	1.4745762712	0.7675544794	1.4285714286	1.4794188862	1.2736077482	1.0871670702	1.3171912833	0.6440677966	1.3704600484	0.5351089588	1.2857142857	0.5278450363	1.205811138	0.583535109	1.1234866828	1.0605326877	1.1598062954	1.3631961259	1.191283293	1.9322033898	1.1428571429	2.6271186441	1.3196125908
1.5315488867	1.3737823611	1.0776667285	1.3737823611	1.6189272701	1.1407733388	1.3349475241	1.1334918068	0.8009685144	1.3252388148	0.5922312652	1.2936855097	1.3228116375	1.0898026151	0.9077643164	1.1529092253	0.4344647397	1.2427147861	0.3155330511	1.1747538212	0.3058243419	1.0995113244	0.3519407109	1.0242688276	0.8470848835	1.012132941	1.1747538212	1.0194144729	1.7621307318	0.9320360895	2.5169828772	1.0558221327
1.4126171982	1.5048499362	0.9538806854	1.5388304187	1.5388304187	1.2427147861	1.2402876087	1.2597050273	0.6965998898	1.4999955816	0.483008286	1.4781509858	1.2160158356	1.2111614809	0.8179587557	1.3155301055	0.3349504697	1.4296074394	0.2135916039	1.3713551838	0.2038828946	1.2888311551	0.2354361997	1.2087343036	0.766988032	1.1723266439	1.1286374522	1.1456276934	1.686888235	1.0242688276	2.3713522382	1.0800939058
1.4150485437	1.3689320388	0.9757281553	1.2985436893	1.5631067961	1.1480582524	1.2597087379	1.1067961165	0.7548543689	1.213592233	0.5291262136	1.1529126214	1.25	1.0582524272	0.8640776699	1.0752427184	0.3883495146	1.0825242718	0.286407767	1	0.2839805825	0.932038835	0.322815534	0.8665048544	0.8665048544	0.9223300971	1.1674757282	0.9708737864	1.7087378641	0.9611650485	2.4199029126	1.2014563107
1.5752427184	1.2669902913	1.1650485437	1.2378640777	1.7184466019	1.036407767	1.4174757282	1.0169902913	0.9077669903	1.1529126214	0.6917475728	1.104368932	1.395631068	0.963592233	0.9733009709	1.0097087379	0.536407767	1.0339805825	0.4417475728	0.9514563107	0.4466019417	0.8713592233	0.4951456311	0.8033980583	0.9854368932	0.8470873786	1.2718446602	0.8786407767	1.822815534	0.8398058252	2.5776699029	1.0242718447
1.4915210515	1.4866784507	1.0629508793	1.4769932491	1.6537481789	1.2348632083	1.3365578254	1.2251780066	0.7845013323	1.4140394385	0.5641629951	1.3704560311	1.334136525	1.174330698	0.9031450523	1.2469697103	0.4358340735	1.3171874221	0.3171903535	1.2397058091	0.3147690531	1.1646454964	0.3583524604	1.0847425829	0.8765107478	1.0920064842	1.1719093976	1.0992703854	1.7820771005	1.0217887723	2.5326802271	1.150117694
1.4406779661	1.2033898305	1.014527845	1.2566585956	1.5084745763	0.9467312349	1.2251815981	0.99031477	0.7409200969	1.2542372881	0.5302663438	1.2518159806	1.215496368	0.9443099274	0.8111380145	1.0871670702	0.382566586	1.2276029056	0.2687651332	1.1767554479	0.2421307506	1.1138014528	0.2736077482	1.0169491525	0.7796610169	0.9370460048	1.0484261501	0.9079903148	1.6271186441	0.7263922518	2.3462469734	0.7506053269
1.4466019417	1.3470873786	1.0169902913	1.3106796117	1.5655339806	1.1067961165	1.2839805825	1.0800970874	0.7233009709	1.2475728155	0.5388349515	1.2087378641	1.2742718447	1.0291262136	0.817961165	1.0922330097	0.3834951456	1.1504854369	0.2888349515	1.067961165	0.2936893204	0.9684466019	0.3446601942	0.8932038835	0.7985436893	0.9344660194	1.1286407767	0.9563106796	1.6893203883	0.9150485437	2.4150485437	1.0970873786
1.738478405	1.590780379	1.3268609554	1.5108781681	1.9200743387	1.3849716541	1.6246782866	1.3317035136	1.0750479273	1.4164482826	0.8837668772	1.34138863	1.6149931701	1.2832779313	1.1501075799	1.2905417686	0.7602816423	1.2639076983	0.6561666403	1.1694778128	0.670694315	1.0919968811	0.7409114094	1.0338861824	1.2082182787	1.1283160679	1.4745589814	1.1912693249	2.1040915515	1.2203246743	2.7239390051	1.5011930517
1.5145586455	1.5776652557	1.1019385017	1.5194130001	1.6650436391	1.3567921199	1.349510588	1.3228116375	0.8398033515	1.4368889714	0.6407748116	1.3737823611	1.3446562333	1.2718409138	0.9368904442	1.2936855097	0.4902898179	1.303394219	0.3883483706	1.2160158356	0.4004842572	1.1432005161	0.4441734489	1.0800939058	0.8834925432	1.1456276934	1.2160158356	1.1868897078	1.7427133133	1.1747538212	2.5048469906	1.388345425
1.6019228731	1.4490120534	1.1674619727	1.4660021445	1.6795918609	1.2014421548	1.3980417802	1.2135779342	0.8810575802	1.4247404947	0.6504777727	1.3883331567	1.3883331567	1.1577533492	0.9781438149	1.2524124281	0.4999941089	1.3446443511	0.3883449389	1.2645482074	0.3907720948	1.1747434403	0.441742368	1.0995016084	0.9514451004	1.087365829	1.2524124281	1.0897929849	1.7645423163	0.9927067502	2.5145334796	1.106783076
1.859223301	1.2645631068	1.4417475728	1.3082524272	1.9004854369	1.0509708738	1.6626213592	1.0631067961	1.1601941748	1.2742718447	0.9684466019	1.2475728155	1.6504854369	1.0218446602	1.2354368932	1.1213592233	0.8300970874	1.1941747573	0.7208737864	1.1237864078	0.7184466019	1.0388349515	0.7669902913	0.9684466019	1.2087378641	0.9684466019	1.5242718447	0.9660194175	2.0339805825	0.8567961165	2.6917475728	0.927184466
1.4660150992	1.0970841471	0.9951426998	1.1092200336	1.5752380784	0.8567935927	1.2791224458	0.866502302	0.7038814218	1.0533949554	0.5024257045	1.0097057637	1.2621322046	0.820385933	0.8325218196	0.8907740752	0.3470863563	0.9514535081	0.2475720863	0.8810653659	0.2475720863	0.8009685144	0.3203874058	0.7135901311	0.8179587557	0.7402890815	1.1237830975	0.7451434362	1.7160143628	0.6626194074	2.4247501392	0.7815510959
1.4951280149	1.4587206769	1.0558128027	1.4538663651	1.584932782	1.2329951811	1.3058098572	1.2135779342	0.7936799689	1.3907603126	0.5800902525	1.3494986628	1.2961012337	1.1626076609	0.8883390478	1.235422337	0.4563053032	1.2985283896	0.3543647568	1.2257137135	0.349510445	1.1480447257	0.4101893418	1.0776572055	0.8519317098	1.0825115173	1.1723162844	1.0897929849	1.7596880046	1.0169783088	2.4490002712	1.1771705961
1.6844610577	1.1383461614	1.2330060768	1.1189287429	1.7839753276	0.8859197205	1.4854325177	0.8762110113	0.9344632669	1.0703851966	0.7111629537	1.0315503595	1.4708694538	0.8276674649	1.0266960049	0.9101914937	0.5679594921	0.9854339905	0.4635908675	0.9174730256	0.4538821582	0.8300946422	0.4878626406	0.7499977908	1.0097057637	0.7524249681	1.3203844602	0.7548521454	1.8664993564	0.6771824713	2.6504776296	0.8155315783
1.8861985472	1.6658595642	1.4818401937	1.6343825666	2.0508474576	1.4213075061	1.7191283293	1.416464891	1.1985472155	1.5617433414	0.9830508475	1.5181598063	1.7094430993	1.3607748184	1.2566585956	1.4140435835	0.8426150121	1.4576271186	0.7118644068	1.3777239709	0.7167070218	1.2857142857	0.7699757869	1.2179176755	1.2542372881	1.2542372881	1.5569007264	1.2808716707	2.1767554479	1.2276029056	2.8958837772	1.3704600484
1.6077057696	1.4914860754	1.2106218145	1.4430612029	1.736031682	1.2711529052	1.4527461774	1.239676738	0.939442528	1.3534751886	0.7433217941	1.2929440979	1.4454824465	1.1936731091	1.0459772477	1.2130430581	0.6149958818	1.2299917635	0.4987761876	1.1428269929	0.5108824057	1.0677684404	0.5689922528	0.9975523751	1.0290285423	1.0629259531	1.324420265	1.1137720693	2.0072109684	1.1016658512	2.610100632	1.3123140469
1.5412621359	0.9077669903	1.1019417476	0.9150485437	1.6893203883	0.6796116505	1.3640776699	0.677184466	0.8422330097	0.859223301	0.6286407767	0.8131067961	1.3446601942	0.6286407767	0.932038835	0.6966019417	0.4975728155	0.7621359223	0.3810679612	0.6917475728	0.3737864078	0.6213592233	0.4150485437	0.5412621359	0.9466019417	0.5388349515	1.2184466019	0.5509708738	1.8203883495	0.4757281553	2.5097087379	0.6504854369
1.3892339545	1.3747412008	0.9585921325	1.3850931677	1.4513457557	1.1842650104	1.1842650104	1.1801242236	0.7142857143	1.3333333333	0.5238095238	1.2919254658	1.1759834369	1.1345755694	0.8033126294	1.1946169772	0.3995859213	1.2360248447	0.314699793	1.1594202899	0.3188405797	1.1014492754	0.3685300207	1.0393374741	0.7971014493	1.0517598344	1.1097308489	1.0621118012	1.5962732919	1	2.2401656315	1.1242236025
1.3291896978	0.9875755231	0.8881968541	0.9896459121	1.387160588	0.7888181851	1.1159396372	0.7763958515	0.5983424029	0.9337454107	0.397514676	0.8861264652	1.1014469147	0.7329176838	0.695650683	0.7950293519	0.2670801729	0.8240147971	0.1759830597	0.7556919621	0.1759830597	0.6873691272	0.2173908384	0.6231870701	0.7018618498	0.6438909595	0.9958570789	0.660454071	1.5569324809	0.5921312361	2.2401608302	0.726706517
1.4472049689	1.1759834369	0.9896480331	1.1842650104	1.5031055901	0.9730848861	1.2256728778	0.9565217391	0.6977225673	1.1304347826	0.4844720497	1.082815735	1.2132505176	0.9047619048	0.8240165631	0.9648033126	0.347826087	1.0207039337	0.2380952381	0.9420289855	0.2505175983	0.8571428571	0.3105590062	0.7743271222	0.8157349896	0.801242236	1.0952380952	0.8157349896	1.6790890269	0.7577639752	2.3726708075	0.8923395445
1.2194590841	1.585917926	0.7722550736	1.554862092	1.2691484186	1.3726678655	0.9834347452	1.3416120314	0.4927525671	1.4782577013	0.2898544512	1.4140756442	0.9792939674	1.2815707522	0.6128351255	1.3250489199	0.1635607261	1.3498935872	0.0724636128	1.254655696	0.0828155575	1.1676993607	0.1614903371	1.0952357479	0.6190462923	1.155277027	0.9171822992	1.2008255837	1.4513426451	1.1614881939	2.1428525502	1.3478231982
1.2954545455	1.4070247934	0.9194214876	1.3450413223	1.3553719008	1.2396694215	1.1239669421	1.1921487603	0.6900826446	1.270661157	0.5351239669	1.2066115702	1.1157024793	1.1487603306	0.7995867769	1.1570247934	0.4276859504	1.1404958678	0.347107438	1.0723140496	0.3533057851	1.0185950413	0.402892562	0.958677686	0.8367768595	1.0289256198	1.0640495868	1.0826446281	1.4731404959	1.0867768595	2.0165289256	1.3223140496
1.3657024793	1.1756198347	1.0103305785	1.1694214876	1.4070247934	0.979338843	1.1487603306	0.9690082645	0.7789256198	1.1280991736	0.5681818182	1.0826446281	1.1384297521	0.9194214876	0.8285123967	0.9814049587	0.4338842975	1.0227272727	0.3326446281	0.9566115702	0.326446281	0.8925619835	0.3760330579	0.8161157025	0.8161157025	0.8202479339	1.0599173554	0.8388429752	1.4979338843	0.7809917355	2.173553719	0.9173553719
1.5811091667	1.2929744181	1.2614975127	1.3147661217	1.636799076	1.1259046899	1.4382524426	1.1380111919	1.0677934801	1.280867916	0.924936756	1.2566549119	1.4334098417	1.096849085	1.1113768874	1.1694880972	0.7990291348	1.2227567062	0.7191262213	1.1719093976	0.7142836205	1.1113768874	0.7457605258	1.0532656776	1.1283259903	1.0460017764	1.3244513234	1.0411591756	1.6949102858	0.9709414637	2.2130685732	1.055686978
1.5278450363	1.2978208232	1.0581113801	1.3026634383	1.6246973366	1.0847457627	1.3341404358	1.0726392252	0.7723970944	1.2469733656	0.5520581114	1.205811138	1.3196125908	1.01937046	0.9346246973	1.0823244552	0.397094431	1.1404358354	0.3075060533	1.0677966102	0.3075060533	0.9975786925	0.3704600484	0.9055690073	0.8886198547	0.9200968523	1.186440678	0.9370460048	1.7869249395	0.8740920097	2.5544794189	1.0411622276
1.4490291262	1.2936893204	1.0533980583	1.2961165049	1.5533980583	1.1067961165	1.2791262136	1.0946601942	0.8106796117	1.2427184466	0.6262135922	1.1990291262	1.2718446602	1.0485436893	0.9004854369	1.1019417476	0.5024271845	1.1432038835	0.4199029126	1.0752427184	0.4101941748	1.0097087379	0.4587378641	0.927184466	0.9247572816	0.9393203883	1.182038835	0.963592233	1.6432038835	0.9223300971	2.2888349515	1.0606796117
1.4745762712	1.4092009685	1.0823244552	1.4382566586	1.5593220339	1.2130750605	1.2953995157	1.2203389831	0.8329297821	1.3946731235	0.6585956416	1.3680387409	1.2832929782	1.1719128329	0.9176755448	1.2518159806	0.5351089588	1.3244552058	0.4406779661	1.2615012107	0.4285714286	1.1985472155	0.4697336562	1.1138014528	0.9176755448	1.0968523002	1.1767554479	1.0992736077	1.6416464891	1.0242130751	2.3123486683	1.1113801453
1.3252271041	1.4295948065	0.9854252825	1.4150318712	1.400468936	1.2475581163	1.1868792196	1.2305680253	0.7766898779	1.3761973774	0.6140704347	1.3397900393	1.1868792196	1.1917335314	0.8737761126	1.2427038046	0.4830040178	1.2839654544	0.3810634713	1.2087236224	0.3810634713	1.1480447257	0.4174708094	1.0897929849	0.8446502422	1.1140645436	1.0995016084	1.123773167	1.5655155351	1.0800843614	2.0145393707	1.2111507783
1.3236009732	1.4817518248	0.9489051095	1.503649635	1.4160583942	1.2871046229	1.1313868613	1.299270073	0.700729927	1.4768856448	0.5158150852	1.4525547445	1.1289537713	1.2554744526	0.7931873479	1.3333333333	0.3673965937	1.4087591241	0.2676399027	1.3479318735	0.2603406326	1.2773722628	0.304136253	1.197080292	0.7542579075	1.1946472019	1.0437956204	1.1922141119	1.5304136253	1.1119221411	2.0827250608	1.204379562
1.4527845036	1.3075060533	1.0629539952	1.3171912833	1.5738498789	1.1016949153	1.3099273608	1.1089588378	0.8305084746	1.2857142857	0.6610169492	1.2566585956	1.2929782082	1.0653753027	0.9467312349	1.1476997579	0.5399515738	1.215496368	0.4382566586	1.1549636804	0.4382566586	1.0774818402	0.4673123487	1.01937046	0.9225181598	1.004842615	1.196125908	1.0024213075	1.6900726392	0.9322033898	2.2130750605	1.0266343826
1.7135871855	1.5436847733	1.2354332541	1.5291217094	1.7912568596	1.3203844602	1.5048499362	1.303394219	0.9344632669	1.4635879219	0.728153195	1.4029084889	1.5024227589	1.2451419634	1.0995113244	1.303394219	0.6067943291	1.3349475241	0.529124655	1.2621322046	0.5266974777	1.1844625305	0.5800953786	1.1092200336	1.1237830975	1.1407733388	1.3931997797	1.1674722892	1.9296059666	1.104365679	2.6529048069	1.2791224458
1.5145452618	1.3786245332	1.0582399586	1.3737702215	1.6067771848	1.1601805051	1.3033827013	1.1528990375	0.7961071248	1.3179456365	0.609216123	1.2742568309	1.3009555454	1.0995016084	0.8980476713	1.1601805051	0.4805768619	1.2281408694	0.3737820037	1.1553261933	0.3665005361	1.087365829	0.4174708094	1.0096968412	0.9077562948	1.0096968412	1.1844520638	1.0242597764	1.6723103933	0.958726568	2.4198744007	1.1140645436
0.6971927402	1.0118157352	0.4121118104	0.7267348054	0.8434259632	0.8980787839	0.7001469467	0.7385516315	0.2511075547	0.5096006258	0.1565729459	0.3559818864	0.7282119087	0.6986698434	0.4224515332	0.4859669735	0.112259848	0.2274739025	0.1078285382	0.1152140545	0.1639584622	0.0694238534	0.2496304515	0.062038337	0.5361884845	0.3855239517	0.7016240499	0.5686847563	1.0827166918	0.8626283056	1.4446069913	1.4062023064
1.1592907744	1.0073735355	0.7905596121	1.2522110273	1.0870194666	0.8200581051	0.8967541868	0.9218279059	0.5560465928	1.3466062049	0.3761057856	1.4159276634	0.8613559953	0.883479865	0.5589964421	1.1725650963	0.2448374918	1.4365766085	0.1312682938	1.421827362	0.0943951776	1.3746297732	0.0973450269	1.2890841436	0.4616514153	1.0501463504	0.7182883043	0.8982291115	1.1209427335	0.5575215175	1.7345113877	0.3244834229
1.0723781388	0.8493353028	0.7075332349	0.8404726736	1.1595273264	0.6602658789	0.9350073855	0.6381093058	0.4564254062	0.776957164	0.270310192	0.7252584934	0.9305760709	0.5967503693	0.5539143279	0.646971935	0.1610044313	0.6602658789	0.0915805022	0.5952732644	0.1019202363	0.5228951256	0.1595273264	0.4505169867	0.552437223	0.4992614476	0.8286558346	0.5317577548	1.2954209749	0.4948301329	1.8375184638	0.6381093058
0.8846144167	1.0576911504	0.5192302011	0.8136085772	1.0621290154	0.9245552014	0.8786972634	0.7825435225	0.3062126827	0.6035496355	0.1686388687	0.4541415149	0.8890522817	0.7455613144	0.4940822996	0.5473366792	0.1005916059	0.3402363141	0.0754437044	0.2218932483	0.1139052008	0.1686388687	0.2071003651	0.133135949	0.5695260041	0.4097628653	0.840235767	0.6213010954	1.289939417	0.8535493619	1.7914181583	1.3757381397
0.8328393254	0.9689338511	0.5207094894	0.7056205297	1.0088746358	0.89053157	0.8372771904	0.715975548	0.3343191608	0.4822479931	0.224851825	0.316567701	0.8565079386	0.6789933399	0.5295852194	0.4615379565	0.1893489053	0.2263311133	0.1686388687	0.1065087592	0.2056210768	0.0680472628	0.2736683396	0.0428993613	0.5991117705	0.3343191608	0.7869813874	0.5118337595	1.202661406	0.8269221721	1.6375721727	1.3609452565
0.903987197	0.8434259632	0.5805015824	0.8449030665	0.9645484308	0.6957156369	0.7488913544	0.6838988108	0.3677987125	0.8138838979	0.2230425927	0.7799105229	0.7429829413	0.651402539	0.4431309789	0.6971927402	0.118168261	0.735597425	0.0369275816	0.6720819847	0.0502215109	0.6129978542	0.0989659186	0.5553908269	0.4327912561	0.5790244791	0.6691277782	0.595272615	1.0398806972	0.5583450334	1.5790233882	0.6779903977
0.9320491086	0.8212667265	0.6144729464	0.8271751202	0.9955643411	0.6558317024	0.7917247579	0.6514004071	0.4047249695	0.7902476595	0.2688319141	0.7562743956	0.7843392657	0.623335537	0.4844882847	0.6765110804	0.1846373036	0.7090072459	0.113736579	0.654354604	0.1181678743	0.6011790606	0.1491869413	0.550957714	0.4623318082	0.5598203045	0.7119614427	0.5686828951	1.0827131484	0.519938647	1.587880811	0.6189042417
1.0412934046	1.0501429237	0.6548644074	1.0589924427	1.0693168815	0.8790522226	0.8436541465	0.8687277838	0.4129775542	1.0147448476	0.2699103301	0.9763969318	0.8362795474	0.8318547878	0.4881984659	0.8879017416	0.1725656209	0.920349978	0.0796456712	0.8466039862	0.0870202704	0.7861322729	0.1474919837	0.7079615216	0.4557502295	0.7477843572	0.7536840365	0.7684332349	1.1814107891	0.7168110406	1.7581044452	0.8407043069
0.7810642342	0.9349102197	0.4778101281	0.7352062962	0.9053244532	0.8062121356	0.7263305662	0.6715968983	0.2973369528	0.5680467158	0.1908281936	0.44970365	0.7366855845	0.6316561136	0.44970365	0.5044373179	0.1242602191	0.353549909	0.0857987227	0.2499997265	0.1183430658	0.2011832118	0.1937867702	0.1656802921	0.5133130478	0.3860942521	0.6937862231	0.5251473544	1.0872769169	0.7233719896	1.4911226288	1.1390520081
1.0384035939	0.9763652569	0.6573109521	0.9837507732	1.0487433168	0.8094525881	0.8449030665	0.7946815555	0.4194973267	0.9423918818	0.2629243808	0.9010329905	0.8375175501	0.7592310772	0.5125548323	0.8079754849	0.1580500491	0.8508114795	0.0753322664	0.7887731425	0.0797635762	0.7282119087	0.1270308806	0.6573109521	0.4874440768	0.6720819847	0.7385516315	0.6883301206	1.1757741974	0.6410628162	1.729687921	0.7562768707
1.0029531156	0.9527316047	0.6543567455	0.9837507732	1.0546517298	0.7799105229	0.8404717567	0.7887731425	0.4239286365	0.9542087079	0.2762183102	0.9246666427	0.8345633436	0.7518455609	0.5243716584	0.8212694143	0.1669126687	0.8788764415	0.0812406795	0.8227465175	0.0856719893	0.7607081805	0.1373706035	0.6927614304	0.4948295931	0.7001469467	0.7370745283	0.6971927402	1.1610031648	0.617429164	1.695714546	0.7001469467
0.9792495877	0.8562878392	0.6236975438	0.8562878392	1.0281379937	0.6918450188	0.8414731707	0.6770303504	0.394070182	0.8192511679	0.2429605634	0.7807330298	0.8340658364	0.6399936791	0.4903655273	0.6874006183	0.1437022844	0.7288816901	0.0711104088	0.671104483	0.0681474751	0.6103643421	0.1199988148	0.5511056681	0.4562917897	0.5629574029	0.7185114221	0.5807350051	1.1199889384	0.5333280659	1.6518355375	0.6548083476
0.9556858112	0.9069414035	0.623337577	0.881830648	0.9985218058	0.7680936968	0.8183152077	0.7326432185	0.3884781582	0.8227465175	0.2762183102	0.7828647294	0.8035441751	0.6986698434	0.5066464192	0.7178721858	0.1787294948	0.7341203217	0.1093056415	0.6676506749	0.1211224676	0.6144749574	0.1669126687	0.5627763432	0.4948295931	0.5923184085	0.7237805989	0.6366315064	1.0989648277	0.623337577	1.6336762089	0.7843418327
1.0604615952	0.9837661808	0.7094325832	1.0191640644	1.110608597	0.8259506166	0.8746227065	0.830375352	0.4867208991	0.9881909163	0.3289053348	0.9557428563	0.8657732356	0.7979272921	0.535392989	0.8657732356	0.2300862432	0.9129704137	0.1474911815	0.846599382	0.1504410052	0.7890778212	0.191738536	0.7241817013	0.5088445763	0.7315562604	0.7861279976	0.7404057313	1.1828792759	0.6696099642	1.733021383	0.7595795849
0.9215935997	0.8668601114	0.6020683709	0.6923046624	1.1005868992	0.7381624498	0.9053214816	0.618340489	0.3816551344	0.529583481	0.2352060712	0.4082822368	0.9127178989	0.5828376858	0.5488141661	0.465974292	0.1479283467	0.3047323941	0.1050291261	0.2070996853	0.1346147955	0.1494076301	0.2115375357	0.1139048269	0.5946719536	0.3372766304	0.8387537256	0.4763292762	1.2633080805	0.6420090245	1.7485130575	1.0118298912
0.9453471196	0.7843426883	0.6543574594	0.8552437223	0.9571639586	0.6558345643	0.7843426883	0.6750369276	0.4549483013	0.8567208272	0.3382570162	0.8537666174	0.7680945347	0.6410635155	0.4859675037	0.7459379616	0.2378138848	0.8316100443	0.1536189069	0.7932053176	0.1462333826	0.7444608567	0.1816838996	0.6779911374	0.459379616	0.6410635155	0.6912850812	0.6129985229	0.9926144756	0.5258493353	1.4859675037	0.5376661743
0.9128498166	1.2215643985	0.5937955117	1.2156559855	0.9985218058	1.0576059363	0.7991128653	1.0457891102	0.3604131962	1.1595260615	0.224519696	1.1181671701	0.7843418327	1.0044302189	0.4460851854	1.044312007	0.1196453643	1.0664685559	0.056129924	1.0059073221	0.0502215109	0.9512545014	0.0989659186	0.8936474741	0.4327912561	0.9158040231	0.6838988108	0.9423918818	1.1048732408	0.903987197	1.6248135894	1.0413578004
1.1536176484	0.8833077513	0.8404717567	1.1166900669	1.0664685559	0.7149179793	0.847857273	0.8581969958	0.6070894411	1.2304270181	0.4135889137	1.3234845237	0.8064983816	0.8212694143	0.56129924	1.0901022081	0.2688327939	1.3604121053	0.1299850871	1.3751831379	0.0930575056	1.3279158335	0.0797635762	1.2422438442	0.4667646311	0.9630713275	0.7193492891	0.8005899686	1.1019190342	0.4416538757	1.7547986765	0.146233223
0.8788774003	0.9985228951	0.5435745938	0.7592319055	1.0561299852	0.88183161	0.8626292467	0.7252584934	0.3633677991	0.5819793205	0.2422451994	0.4401772526	0.8803545052	0.6853766617	0.5302806499	0.5169867061	0.1698670606	0.3161004431	0.1491875923	0.2097488922	0.1875923191	0.1550960118	0.270310192	0.1211225997	0.611521418	0.3810930576	0.8227474151	0.5568685377	1.2880354505	0.8124076809	1.7119645495	1.2496307238
1.2248507308	0.9275137781	0.9127208948	1.2011821177	1.202661406	0.619821807	0.9911231759	0.8002949823	0.6908276465	1.335797355	0.5192302011	1.4334303843	0.9585788328	0.7677506393	0.7130169713	1.0946733585	0.3757392339	1.4837261872	0.2647926097	1.4852054756	0.2144968067	1.4334303843	0.1997039235	1.3269216251	0.5902360406	0.9718924277	0.8254428838	0.7855020991	1.1375727198	0.4127214419	1.7470395086	0.0843194344
1.2507320214	0.9557480541	0.9306744169	1.2153339454	1.1946850676	0.766958315	0.9911461302	0.9144502987	0.694687243	1.3495516505	0.5250714618	1.4321471613	0.9631226533	0.8790522226	0.7005869224	1.1622368312	0.4070778749	1.4645953977	0.2876093681	1.4704950771	0.2418868532	1.4070735241	0.243361773	1.3215281736	0.6061920528	1.0619422824	0.8171055895	0.9085506193	1.1755111098	0.5619444577	1.8097266395	0.2359871739
0.9542097489	1.0635155096	0.5893648449	0.9084194978	1.0812407681	0.9098966027	0.8641063516	0.8079763663	0.3692762186	0.7710487445	0.2363367799	0.6632200886	0.8714918759	0.7621861152	0.5214180207	0.6838995569	0.1565731167	0.5657311669	0.1122599705	0.4623338257	0.1462333826	0.4032496307	0.2171344165	0.3574593796	0.5598227474	0.5273264402	0.8138847858	0.6632200886	1.2392909897	0.7784342688	1.7799113737	1.106351551
1.1937869822	0.9038461538	0.8594674556	1.1434911243	1.1642011834	0.6967455621	0.9467455621	0.8402366864	0.6375739645	1.2588757396	0.4704142012	1.3328402367	0.9156804734	0.8032544379	0.6286982249	1.0931952663	0.3357988166	1.3624260355	0.2174556213	1.3565088757	0.1701183432	1.298816568	0.176035503	1.1967455621	0.5340236686	0.9792899408	0.7810650888	0.8210059172	1.1819526627	0.4778106509	1.7559171598	0.2204142012
0.7743362832	1.005899705	0.4528023599	0.7625368732	0.9616519174	0.9041297935	0.7654867257	0.7418879056	0.2507374631	0.5501474926	0.1401179941	0.4115044248	0.7831858407	0.697640118	0.4159292035	0.5029498525	0.0766961652	0.2949852507	0.0516224189	0.1828908555	0.1017699115	0.1283185841	0.1946902655	0.1002949853	0.5029498525	0.3716814159	0.7079646018	0.5545722714	1.1651917404	0.8318584071	1.5840707965	1.3259587021
0.8138838979	1.0324951809	0.4889211801	0.7547997674	1.0384035939	0.9290979525	0.8345633436	0.7518455609	0.2880351363	0.5184632453	0.1831608046	0.3633674027	0.8522885828	0.7016240499	0.449039392	0.4667646311	0.1358935002	0.2437220384	0.118168261	0.1285079839	0.1654355655	0.0753322664	0.2540617612	0.0516986142	0.5524366204	0.3397337505	0.7961586588	0.567207653	1.2599690834	0.8714909252	1.723779508	1.415064926
0.9127218935	0.9955621302	0.5576923077	0.7559171598	1.1079881657	0.8920118343	0.8727810651	0.7130177515	0.3579881657	0.5591715976	0.2233727811	0.4053254438	0.8816568047	0.6597633136	0.5295857988	0.4911242604	0.149408284	0.2914201183	0.1124260355	0.1627218935	0.1582840237	0.1109467456	0.2366863905	0.0843195266	0.600591716	0.3579881657	0.8328402367	0.5355029586	1.3121301775	0.8062130178	1.798816568	1.325443787
0.8372771904	0.9704131394	0.5147923361	0.7189341246	1.0207089424	0.8535493619	0.849111497	0.6997033764	0.3106505477	0.5118337595	0.1923074819	0.3742599455	0.8624250919	0.6597625917	0.4792894164	0.4585793799	0.1272187957	0.261834033	0.0946744526	0.1597631388	0.1272187957	0.1020708942	0.2056210768	0.0636093979	0.5665674274	0.3372777375	0.8195257305	0.5458573909	1.2263300192	0.7810642342	1.7189330305	1.3091701652
