40 18 8 landmarks cfr. Extracting from 5 to 20 from ../../../Publications/Author/LMsubset/Suppl_data/Glossina/Gpg_Gpp_40-18_Berte_F.txt
1616 496 1750 554 884 542 1812 598 1296 712 1128 846 440 678 936 586
1684 492 1822 556 944 544 1880 598 1344 704 1184 860 462 684 1004 602
1660 586 1804 642 922 638 1864 680 1326 800 1178 942 436 782 970 678
1756 576 1904 642 996 614 1952 682 1404 790 1250 926 508 762 1048 660
1696 532 1840 600 946 572 1894 646 1346 754 1184 898 468 718 996 624
1590 500 1720 562 884 528 1774 608 1260 690 1104 822 426 648 934 574
1654 544 1806 602 946 616 1866 640 1356 764 1196 922 462 786 1006 666
1618 542 1762 606 870 600 1822 656 1288 770 1130 912 392 758 928 644
1696 544 1850 606 960 612 1918 648 1388 776 1218 924 486 768 1016 658
1702 494 1866 560 960 554 1922 600 1380 720 1218 866 472 704 1024 608
1712 426 1868 494 978 482 1916 534 1390 650 1220 788 514 626 1030 524
1658 580 1806 648 922 624 1858 690 1342 796 1180 930 484 756 974 668
1692 572 1840 642 938 600 1898 686 1340 790 1176 940 436 754 984 658
1664 532 1812 588 954 592 1868 622 1354 738 1206 882 488 742 1008 638
1660 446 1804 504 932 510 1862 540 1336 664 1182 812 464 648 984 554
1634 458 1790 530 902 512 1840 564 1310 678 1154 822 424 672 950 562
1720 478 1880 542 966 554 1942 584 1392 706 1236 856 496 706 1032 598
1582 538 1712 602 842 594 1768 644 1240 762 1086 912 354 748 894 640
1678 522 1826 596 958 536 1882 636 1340 730 1178 864 466 662 998 580
1630 546 1770 604 904 626 1820 640 1324 772 1166 918 456 800 942 660
1662 480 1830 562 930 518 1884 596 1338 694 1162 832 448 664 982 560
1724 596 1882 656 1000 646 1938 698 1410 820 1244 960 520 790 1050 692
1736 478 1876 538 1002 550 1930 580 1406 708 1260 856 526 716 1054 594
1732 468 1884 528 1014 534 1950 570 1430 696 1254 842 516 680 1076 584
1634 582 1792 644 926 638 1854 682 1316 802 1146 950 430 776 976 684
1650 558 1800 622 932 600 1854 666 1324 768 1160 910 438 732 980 646
1714 526 1848 596 976 564 1902 636 1370 744 1214 884 516 720 1028 614
1682 590 1828 648 948 628 1884 690 1356 796 1202 936 474 756 998 674
1642 560 1776 632 842 586 1834 684 1276 778 1102 918 364 738 896 634
1700 528 1846 590 940 570 1904 632 1352 748 1180 896 432 720 984 608
1722 476 1868 546 966 532 1930 592 1384 702 1210 858 466 704 1024 582
1642 528 1788 594 924 570 1848 640 1306 730 1170 878 450 708 976 618
1690 452 1826 508 998 510 1880 540 1396 678 1226 812 536 660 1048 556
1760 480 1916 544 976 528 1976 586 1398 704 1222 848 456 698 1026 578
1694 524 1860 596 964 600 1914 634 1360 746 1200 906 470 754 1016 636
1532 550 1662 604 852 608 1720 644 1232 756 1082 890 404 740 902 646
1616 534 1756 604 912 566 1800 642 1304 742 1140 872 440 700 954 610
1628 502 1780 568 926 584 1830 604 1322 736 1172 872 462 752 972 626
1724 526 1872 596 978 592 1934 636 1370 768 1208 920 478 760 1024 638
1630 446 1786 512 912 510 1834 550 1304 676 1150 812 446 634 966 556
1223 522 1312 561 750 565 1352 589 1019 668 924 767 436 677 786 596
1156 451 1240 487 674 496 1280 516 937 602 842 700 356 619 712 531
1238 513 1322 556 799 536 1358 584 1013 647 911 729 485 635 829 572
1312 496 1400 537 839 518 1436 566 1093 633 988 723 521 627 873 553
1197 444 1293 490 722 489 1332 517 989 599 876 703 391 613 758 526
1267 506 1362 551 808 543 1399 581 1062 650 959 746 485 656 832 573
1224 466 1308 511 764 505 1341 539 1008 610 906 706 443 618 794 537
1257 533 1352 584 793 558 1383 609 1058 671 957 765 493 664 828 589
1351 510 1443 555 893 541 1479 584 1144 650 1037 743 580 652 929 571
1217 434 1310 475 750 484 1345 500 1009 582 914 687 443 610 784 515
1212 539 1312 583 734 569 1351 609 1000 688 890 784 410 688 775 611
1211 567 1298 609 755 599 1336 637 1007 706 910 798 455 692 792 636
1183 557 1283 599 726 591 1321 627 981 694 886 790 412 697 762 623
1124 504 1209 544 643 524 1241 571 904 640 801 731 328 630 673 555
1254 579 1331 620 785 605 1368 650 1035 711 934 808 468 716 815 636
1160 572 1257 623 700 583 1292 652 953 703 848 791 390 677 739 622
1335 519 1430 570 863 550 1462 595 1121 669 1004 753 544 658 900 584
1299 528 1395 577 835 559 1431 605 1095 674 987 769 520 672 866 592
