Deleted cols delcol from ../../../Publications/Author/LMsubset/Suppl_data/Glossina/Gpg_Gpp_40-24_TA_F.txt : selecting cols from 5 to 20
1616 496 1750 554 884 544 1808 598 1296 716 1132 846 442 680 938 590
1680 492 1820 556 944 548 1878 602 1346 708 1182 860 460 684 1004 602
1656 584 1800 640 924 638 1862 678 1324 800 1182 944 434 784 970 678
1752 576 1898 642 996 616 1952 680 1400 790 1252 930 506 764 1050 660
1690 532 1834 600 948 580 1890 642 1342 754 1188 900 462 720 992 628
1592 498 1718 562 882 532 1776 608 1260 694 1110 820 426 650 930 578
1654 544 1808 600 942 620 1868 642 1358 768 1200 922 464 788 1010 668
1618 544 1760 604 874 606 1824 660 1286 772 1134 918 392 764 930 644
1694 542 1852 608 964 614 1912 648 1388 780 1220 926 484 766 1016 662
1702 496 1858 558 956 558 1918 598 1380 724 1218 870 470 712 1024 604
1708 426 1864 494 976 482 1916 530 1392 650 1226 788 518 626 1028 526
1652 578 1806 648 926 626 1858 688 1344 798 1180 934 486 760 974 672
1692 570 1842 644 934 606 1894 686 1342 794 1184 940 430 752 984 658
1666 530 1810 586 952 594 1872 624 1358 740 1210 888 488 740 1006 638
1662 448 1802 504 930 512 1856 542 1340 668 1184 816 460 644 984 558
1634 458 1788 532 900 518 1840 568 1316 680 1158 826 422 674 952 562
1720 474 1882 544 968 558 1936 584 1392 710 1238 858 498 710 1030 598
1588 538 1712 604 836 594 1766 642 1240 764 1088 912 350 752 890 640
1676 524 1822 596 956 542 1876 634 1342 734 1180 868 464 664 1000 584
1632 542 1770 604 906 630 1820 642 1322 774 1172 918 452 802 944 662
1664 480 1832 558 934 518 1882 598 1338 700 1160 832 446 666 982 566
1728 596 1880 658 998 648 1938 694 1408 822 1250 964 520 788 1052 694
1738 476 1872 540 1002 552 1928 578 1404 710 1262 858 530 720 1050 594
1728 464 1886 528 1016 538 1948 568 1432 700 1256 848 516 680 1076 588
1632 582 1790 642 920 642 1850 688 1316 804 1150 948 428 776 974 686
1654 560 1798 626 930 604 1850 668 1326 772 1160 916 442 736 978 646
1712 524 1848 596 974 570 1894 634 1370 746 1218 888 512 718 1028 616
1686 590 1828 650 952 632 1878 690 1358 800 1206 940 478 758 1000 678
1642 556 1774 632 844 590 1828 684 1276 780 1106 918 364 736 896 638
1698 528 1838 588 936 576 1902 634 1354 754 1182 896 436 718 982 610
1720 476 1868 548 970 540 1926 592 1384 702 1212 862 462 704 1026 584
1642 528 1786 592 926 572 1848 638 1312 734 1174 882 454 708 974 622
1690 454 1826 506 994 512 1878 544 1392 676 1230 816 538 660 1050 560
1760 478 1918 542 970 530 1974 588 1398 710 1224 852 456 696 1024 584
1696 524 1858 594 966 598 1914 634 1362 748 1200 904 466 758 1014 640
1532 548 1660 600 856 608 1720 642 1234 760 1086 894 400 744 904 648
1612 530 1752 602 910 570 1796 644 1304 738 1146 872 444 700 952 608
1630 500 1778 566 930 588 1828 604 1322 736 1172 874 466 752 968 626
1726 528 1874 594 980 594 1930 636 1366 768 1206 922 480 764 1024 638
1636 442 1784 508 914 514 1836 552 1302 680 1154 818 446 634 964 560
1284 512 1374 556 810 540 1408 586 1076 660 976 752 490 646 840 572
1154 498 1242 544 716 530 1276 570 962 642 866 730 402 628 752 564
1182 516 1264 562 726 542 1290 584 972 652 870 740 422 628 756 566
1172 518 1250 554 722 546 1286 582 968 662 866 750 410 648 752 574
1158 466 1252 514 726 498 1282 540 966 604 880 692 448 592 770 532
1210 450 1298 492 778 486 1330 516 1024 584 930 668 480 582 806 508
1168 448 1256 488 714 496 1292 508 976 600 886 696 416 602 750 528
1106 528 1174 570 706 544 1206 594 934 646 836 722 434 638 738 576
1196 490 1292 528 726 534 1328 550 990 636 888 726 424 646 766 562
1192 518 1282 562 752 550 1314 586 1000 660 904 746 458 634 784 576
1186 494 1264 526 742 524 1302 554 988 632 902 710 460 620 776 550
1114 516 1206 554 672 554 1242 578 920 656 840 748 380 652 710 580
1358 450 1448 492 888 492 1482 520 1142 598 1040 696 562 590 918 518
1168 462 1264 510 722 494 1290 532 964 604 864 694 414 598 760 526
1136 496 1222 532 696 532 1262 560 946 638 856 728 400 640 728 558
1164 514 1250 552 730 542 1278 572 960 652 862 740 440 632 756 572
1190 492 1280 528 756 516 1314 556 1008 624 916 706 492 600 792 542
1170 496 1252 544 724 518 1284 572 970 638 864 718 424 614 754 548
1180 542 1262 580 716 570 1292 604 968 676 872 760 422 666 756 598
1148 470 1246 514 702 506 1278 544 940 612 846 700 404 606 736 540
1112 460 1194 498 694 496 1222 522 928 596 832 678 412 588 720 520
1118 480 1196 514 680 512 1232 544 926 616 840 704 398 618 714 542
1242 470 1342 514 782 514 1372 540 1044 614 934 708 474 614 822 546
1236 530 1314 574 790 548 1344 600 1040 660 946 752 490 642 822 572
